Time, T_A[degC], T_B[degC], T_C[degC], T_D[degC]
0.0,3.5,36.38,1.63,37.88
2.06,3.5,36.38,1.63,37.88
4.137,3.5,36.38,1.63,37.88
6.236,3.5,36.38,1.63,37.88
8.338,3.5,36.38,1.63,37.88
10.425,3.5,36.38,1.69,37.88
12.477,3.5,36.38,1.69,37.81
14.583,3.5,36.38,1.69,37.81
16.669,3.5,36.38,1.63,37.81
18.779,3.5,36.38,1.63,37.75
20.829,3.5,36.38,1.56,37.75
22.926,3.5,36.44,1.5,37.75
25.007,3.5,36.44,1.44,37.81
27.089,3.5,36.5,1.44,37.81
29.161,3.5,36.5,1.37,37.81
31.257,3.5,36.5,1.44,37.81
33.366,3.5,36.5,1.56,37.88
35.464,3.5,36.56,1.63,37.88
37.544,3.5,36.56,1.75,37.88
39.611,3.5,36.56,1.81,37.88
41.701,3.5,36.56,1.88,37.94
43.782,3.5,36.63,1.94,37.94
45.882,3.5,36.63,1.94,37.94
47.966,3.5,36.63,1.94,37.94
50.032,3.5,36.63,1.94,37.94
52.097,3.5,36.69,1.88,37.94
54.201,3.5,36.69,1.88,37.94
56.297,3.5,36.69,1.81,37.94
58.378,3.5,36.69,1.81,37.94
60.445,3.5,36.69,1.88,37.94
62.554,3.5,36.69,1.88,38.0
64.643,3.5,36.69,1.88,37.94
66.703,3.5,36.69,1.88,37.94
68.82,3.5,36.69,1.88,37.94
70.886,3.5,36.69,1.88,38.0
72.96,3.5,36.75,1.81,38.0
75.041,3.5,36.75,1.81,38.0
77.12,3.5,36.75,1.81,38.06
79.242,3.5,36.75,1.75,38.0
81.305,3.5,36.75,1.75,38.0
83.385,3.5,36.75,1.75,38.0
85.499,3.5,36.75,1.75,38.0
87.592,3.5,36.75,1.75,38.0
89.658,3.5,36.75,1.75,38.0
91.755,3.5,36.69,1.75,37.94
93.837,3.5,36.69,1.81,38.0
95.921,3.5,36.69,1.88,38.0
97.97,3.5,36.69,1.81,38.0
100.065,3.5,36.69,1.81,38.0
102.171,3.5,36.69,1.81,38.0
104.266,3.5,36.69,1.75,38.0
106.33,3.5,36.69,1.81,38.0
108.413,3.5,36.69,1.81,38.0
110.506,3.5,36.69,1.81,38.0
112.604,3.5,36.69,1.81,38.0
114.661,3.5,36.69,1.81,38.0
116.749,3.5,36.69,1.81,38.0
118.826,3.5,36.69,1.81,38.0
120.934,3.5,36.69,1.75,38.0
123.024,3.5,36.69,1.75,38.0
125.11,3.5,36.69,1.69,38.0
127.194,3.5,36.69,1.75,38.0
129.277,3.5,36.69,1.69,38.0
131.356,3.5,36.69,1.69,38.0
133.449,3.5,36.69,1.63,38.0
135.516,3.5,36.69,1.69,38.0
137.613,3.5,36.69,1.69,38.0
139.711,3.5,36.69,1.69,37.94
141.805,3.5,36.69,1.75,37.94
143.871,3.5,36.69,1.75,37.94
145.939,3.5,36.69,1.75,37.94
148.018,3.5,36.69,1.75,37.88
150.112,3.5,36.69,1.75,37.88
152.221,3.5,36.69,1.81,37.88
154.285,3.5,36.69,1.81,37.88
156.381,3.5,36.69,1.81,37.81
158.459,3.5,36.69,1.88,37.81
160.547,3.5,36.63,1.88,37.81
162.652,3.5,36.69,1.94,37.81
164.717,3.5,36.63,1.94,37.75
166.799,3.5,36.63,1.94,37.75
168.893,3.5,36.63,1.94,37.75
170.981,3.5,36.63,1.94,37.69
173.061,3.5,36.69,1.88,37.69
175.15,3.5,36.63,1.81,37.69
177.244,3.5,36.63,1.81,37.69
179.309,3.5,36.63,1.81,37.63
181.397,3.5,36.63,1.88,37.63
183.504,3.5,36.63,1.88,37.63
185.559,3.5,36.63,1.88,37.56
187.665,3.5,36.63,1.94,37.56
189.735,3.5,36.63,1.94,37.56
191.828,3.5,36.63,2.0,37.56
193.925,3.5,36.56,2.0,37.56
196.021,3.5,36.63,2.0,37.56
198.103,3.5,36.56,2.0,37.56
200.184,3.5,36.63,2.0,37.5
202.269,3.5,36.63,2.0,37.5
204.364,3.5,36.63,1.94,37.5
206.413,3.5,36.63,1.94,37.44
208.512,3.5,36.69,1.94,37.44
210.574,3.5,36.63,1.88,37.44
212.704,3.5,36.69,1.88,37.5
214.749,3.5,36.69,1.88,37.5
216.831,3.5,36.69,1.88,37.5
218.923,3.5,36.69,1.88,37.5
220.999,3.5,36.63,1.88,37.5
223.094,3.5,36.69,1.88,37.5
225.214,3.5,36.69,1.81,37.5
227.294,3.5,36.69,1.75,37.5
229.343,3.5,36.69,1.81,37.56
231.439,3.5,36.69,1.75,37.56
233.538,3.5,36.69,1.75,37.63
235.642,3.5,36.69,1.81,37.56
237.713,3.5,36.69,1.81,37.63
239.808,3.5,36.69,1.88,37.63
241.864,3.5,36.63,1.94,37.63
243.943,3.5,36.63,2.0,37.69
246.039,3.5,36.63,2.06,37.69
248.139,3.5,36.63,2.13,37.69
250.224,3.5,36.63,2.19,37.63
252.288,3.5,36.63,2.19,37.69
254.401,3.5,36.56,2.25,37.69
256.496,3.5,36.56,2.25,37.69
258.575,3.5,36.56,2.31,37.69
260.64,3.5,36.56,2.31,37.69
262.704,3.5,36.56,2.31,37.69
264.804,3.5,36.56,2.31,37.69
266.914,3.5,36.56,2.31,37.63
268.969,3.5,36.56,2.31,37.63
271.064,3.5,36.56,2.31,37.63
273.154,3.5,36.56,2.31,37.63
275.251,3.5,36.56,2.31,37.56
277.329,3.5,36.63,2.31,37.56
279.425,3.5,36.63,2.38,37.56
281.472,3.5,36.56,2.31,37.56
283.572,3.5,36.56,2.38,37.56
285.679,3.5,36.56,2.31,37.63
287.734,3.5,36.56,2.38,37.63
289.828,3.5,36.5,2.31,37.63
291.939,3.5,36.56,2.31,37.63
293.992,3.5,36.56,2.31,37.63
296.073,3.5,36.56,2.25,37.63
298.179,3.5,36.56,2.25,37.63
300.245,3.5,36.5,2.25,37.63
302.336,3.5,36.5,2.31,37.63
304.439,3.5,36.5,2.31,37.63
306.505,3.5,36.5,2.31,37.69
308.6,3.5,36.5,2.31,37.63
310.671,3.5,36.5,2.31,37.63
312.785,3.5,36.5,2.31,37.5
314.836,3.5,36.5,2.31,37.5
316.944,3.5,36.5,2.31,37.5
319.033,3.5,36.5,2.38,37.44
321.129,3.5,36.44,2.38,37.44
323.204,3.5,36.44,2.44,37.44
325.299,3.5,36.44,2.5,37.44
327.365,3.5,36.44,2.56,37.44
329.455,3.5,36.44,2.5,37.44
331.555,3.5,36.44,2.44,37.44
333.635,3.5,36.44,2.38,37.5
335.733,3.5,36.44,2.31,37.56
337.78,3.5,36.44,2.25,37.56
339.891,3.5,36.44,2.19,37.63
341.978,3.5,36.5,2.19,37.63
344.05,3.5,36.5,2.19,37.69
346.133,3.5,36.44,2.19,37.69
348.229,3.5,36.5,2.19,37.69
350.309,3.5,36.5,2.19,37.75
352.374,3.5,36.44,2.25,37.69
354.485,3.5,36.5,2.25,37.69
356.58,3.5,36.5,2.25,37.75
358.648,3.5,36.5,2.25,37.75
360.743,3.5,36.5,2.25,37.75
362.823,3.5,36.5,2.19,37.75
364.917,3.5,36.5,2.19,37.75
367.002,3.5,36.5,2.19,37.75
369.069,3.5,36.5,2.19,37.69
371.159,3.5,36.5,2.19,37.63
373.254,3.5,36.5,2.25,37.63
375.349,3.5,36.5,2.25,37.63
377.428,3.5,36.5,2.25,37.63
379.51,4.0,36.5,2.25,37.63
381.559,3.5,36.5,2.25,37.56
383.657,3.5,36.56,2.25,37.56
385.751,3.5,36.56,2.25,37.56
387.861,3.5,36.56,2.25,37.5
389.909,3.5,36.56,2.19,37.5
392.028,3.5,36.56,2.13,37.44
394.076,3.5,36.56,2.13,37.44
396.167,3.5,36.56,2.13,37.38
398.277,3.5,36.56,2.06,37.38
400.342,3.5,36.56,2.06,37.38
402.442,3.5,36.63,2.06,37.38
404.534,3.5,36.63,2.0,37.31
406.614,3.5,36.63,2.0,37.31
408.695,3.5,36.63,2.0,37.31
410.759,3.5,36.63,2.06,37.31
412.852,3.5,36.63,2.13,37.31
414.942,3.5,36.63,2.13,37.38
417.037,3.5,36.63,2.13,37.38
419.109,3.5,36.63,2.13,37.44
421.189,3.5,36.63,2.13,37.44
423.289,3.5,36.69,2.06,37.5
425.353,3.5,36.69,2.06,37.5
427.465,3.5,36.69,2.06,37.5
429.537,3.0,36.69,2.0,37.56
431.617,3.0,36.69,2.0,37.56
433.734,3.0,36.69,1.94,37.56
435.821,3.0,36.69,1.88,37.56
437.901,3.0,36.75,1.81,37.56
439.951,3.0,36.75,1.81,37.56
442.048,3.0,36.75,1.75,37.56
444.154,3.0,36.75,1.75,37.56
446.203,3.0,36.81,1.69,37.56
448.315,3.0,36.81,1.69,37.5
450.409,3.0,36.88,1.69,37.5
452.473,3.0,36.88,1.63,37.5
454.57,3.0,36.81,1.63,37.56
456.666,2.5,36.88,1.56,37.56
458.729,2.5,36.88,1.56,37.5
460.826,2.5,36.88,1.5,37.56
462.905,2.5,36.88,1.56,37.56
464.977,2.5,36.88,1.5,37.63
467.073,2.5,36.88,1.5,37.56
469.162,2.5,36.88,1.44,37.56
471.227,2.5,36.94,1.37,37.56
473.355,2.5,36.94,1.44,37.56
475.435,2.5,36.94,1.44,37.56
477.484,2.5,36.94,1.37,37.56
479.587,2.0,36.94,1.37,37.56
481.691,2.0,37.0,1.31,37.56
483.784,2.0,36.94,1.25,37.5
485.837,2.0,37.0,1.31,37.44
487.937,2.0,37.0,1.31,37.44
490.017,2.0,37.0,1.31,37.44
492.083,2.0,36.94,1.37,37.5
494.187,2.0,37.0,1.37,37.56
496.251,2.0,36.94,1.37,37.63
498.347,2.0,36.94,1.37,37.63
500.458,2.0,36.94,1.31,37.63
502.541,2.0,36.94,1.31,37.63
504.633,2.0,36.94,1.31,37.69
506.701,2.0,36.94,1.31,37.69
508.793,2.0,37.0,1.31,37.69
510.861,2.0,36.94,1.37,37.69
512.946,2.0,36.94,1.37,37.69
515.035,2.0,36.94,1.44,37.63
517.108,2.0,36.94,1.44,37.63
519.194,2.0,36.94,1.44,37.69
521.287,2.0,36.94,1.44,37.69
523.389,2.0,36.94,1.37,37.69
525.484,2.0,36.94,1.31,37.69
527.549,2.0,37.0,1.31,37.75
529.616,2.0,37.0,1.25,37.81
531.739,2.0,37.0,1.19,37.81
533.806,2.0,37.0,1.19,37.81
535.874,2.0,37.0,1.12,37.81
537.97,2.0,37.06,1.06,37.75
540.067,1.5,37.06,1.0,37.75
542.172,1.5,37.06,1.0,37.75
544.25,1.5,37.06,0.94,37.69
546.3,1.5,37.06,0.94,37.69
548.395,1.5,37.06,0.88,37.69
550.49,1.5,37.0,0.88,37.69
552.574,1.5,37.06,0.88,37.69
554.654,1.5,37.06,0.81,37.69
556.747,1.5,37.06,0.88,37.69
558.858,1.5,37.0,1.0,37.63
560.91,1.5,37.0,1.0,37.63
562.997,1.5,37.0,1.0,37.69
565.075,1.5,37.0,1.0,37.69
567.195,1.5,37.0,0.94,37.69
569.241,1.5,37.0,0.94,37.63
571.342,1.5,37.0,0.94,37.63
573.436,1.5,37.0,1.0,37.56
575.497,1.5,37.0,1.0,37.56
577.598,1.5,37.0,1.0,37.5
579.708,1.5,37.0,0.94,37.5
581.796,1.5,37.06,0.94,37.44
583.85,1.5,37.06,0.88,37.44
585.94,1.5,37.06,0.81,37.38
588.052,1.5,37.0,0.81,37.38
590.1,1.5,37.06,0.75,37.38
592.187,1.5,37.06,0.75,37.31
594.289,1.5,37.0,0.75,37.38
596.369,1.5,37.06,0.69,37.38
598.479,1.5,37.06,0.63,37.38
600.537,1.5,37.06,0.63,37.44
602.618,1.5,37.06,0.56,37.44
604.726,1.5,37.06,0.56,37.44
606.779,1.5,37.06,0.56,37.44
608.866,1.5,37.0,0.56,37.38
610.979,1.5,37.06,0.56,37.38
613.067,1.5,37.0,0.56,37.38
615.157,1.5,37.06,0.56,37.38
617.245,1.5,37.06,0.56,37.44
619.308,1.5,37.06,0.56,37.5
621.411,1.5,37.06,0.56,37.5
623.483,1.5,37.06,0.56,37.38
625.549,1.5,37.06,0.56,37.38
627.666,1.5,37.06,0.56,37.38
629.728,1.5,37.06,0.56,37.38
631.817,1.5,37.06,0.56,37.44
633.902,1.5,37.06,0.56,37.44
635.981,1.5,37.06,0.5,37.44
638.086,1.5,37.06,0.5,37.44
640.181,1.5,37.06,0.5,37.5
642.247,1.5,37.06,0.5,37.44
644.32,1.5,37.06,0.44,37.44
646.428,1.5,37.0,0.5,37.44
648.51,1.5,37.0,0.44,37.44
650.579,1.5,37.06,0.5,37.44
652.672,1.5,37.0,0.44,37.44
654.742,1.5,37.0,0.44,37.5
656.852,1.5,37.0,0.44,37.5
658.942,1.5,37.0,0.44,37.5
661.017,1.5,37.0,0.5,37.5
663.109,1.5,37.0,0.56,37.5
665.214,1.5,37.0,0.69,37.5
667.255,1.5,36.94,0.75,37.56
669.361,1.5,36.94,0.81,37.56
671.445,1.5,36.94,0.88,37.63
673.541,1.5,36.88,0.94,37.63
675.617,1.5,36.88,0.94,37.63
677.725,1.5,36.88,0.94,37.63
679.811,1.5,36.94,0.94,37.69
681.863,1.5,36.88,1.0,37.69
683.939,1.5,36.94,1.0,37.69
686.053,1.5,36.94,0.94,37.63
688.129,1.5,36.94,0.88,37.63
690.225,1.5,36.88,0.88,37.63
692.301,1.5,36.88,0.81,37.63
694.379,1.5,36.88,0.81,37.56
696.485,1.5,36.88,0.81,37.56
698.559,1.5,36.88,0.81,37.56
700.63,1.5,36.94,0.88,37.56
702.749,1.5,36.88,0.88,37.56
704.819,1.5,36.88,0.94,37.63
706.909,1.5,36.88,0.94,37.63
708.979,1.5,36.88,0.94,37.63
711.085,1.5,36.88,0.88,37.63
713.146,1.5,36.88,0.88,37.56
715.244,1.5,36.88,0.94,37.56
717.332,1.5,36.88,0.94,37.5
719.429,1.5,36.88,0.94,37.5
721.498,1.5,36.88,0.88,37.56
723.567,1.5,36.88,0.88,37.56
725.682,1.5,36.88,0.94,37.63
727.733,1.5,36.88,0.94,37.63
729.817,1.5,36.88,1.0,37.63
731.902,1.5,36.88,1.06,37.63
733.995,1.5,36.88,1.0,37.63
736.11,1.5,36.88,1.0,37.56
738.184,1.5,36.88,1.0,37.63
