Time, T_A[degC], T_B[degC], T_C[degC], T_D[degC]
0.0,7.5,32.0,6.5,32.63
2.071,7.5,32.0,6.44,32.63
4.17,7.5,32.0,6.44,32.63
6.242,7.5,32.0,6.44,32.63
8.308,7.5,32.0,6.44,32.63
10.415,7.5,32.0,6.44,32.63
12.518,7.5,31.94,6.5,32.63
14.575,7.5,31.94,6.5,32.63
16.675,7.5,31.94,6.5,32.56
18.741,7.5,31.94,6.5,32.56
20.841,7.5,31.94,6.5,32.5
22.926,7.5,31.94,6.5,32.5
25.026,7.5,31.94,6.5,32.44
27.076,7.5,31.94,6.5,32.38
29.203,7.5,31.94,6.5,32.38
31.269,7.5,31.94,6.5,32.38
33.342,7.5,31.94,6.5,32.38
35.428,7.5,31.94,6.5,32.38
37.524,7.5,31.94,6.56,32.31
39.627,7.5,31.94,6.56,32.31
41.708,7.5,31.87,6.56,32.31
43.773,7.5,31.87,6.56,32.31
45.861,7.5,31.87,6.56,32.38
47.963,7.5,31.87,6.5,32.38
50.062,7.5,31.87,6.5,32.38
52.136,7.5,31.87,6.44,32.38
54.231,7.5,31.87,6.44,32.38
56.313,7.5,31.87,6.44,32.38
58.373,7.5,31.87,6.44,32.38
60.446,7.5,31.87,6.44,32.38
62.551,7.0,31.81,6.44,32.31
64.645,7.5,31.87,6.44,32.31
66.731,7.0,31.87,6.44,32.38
68.787,7.0,31.81,6.44,32.38
70.891,7.0,31.81,6.44,32.38
72.976,7.0,31.81,6.38,32.38
75.083,7.0,31.81,6.38,32.44
77.169,7.0,31.81,6.31,32.44
79.245,7.0,31.87,6.31,32.38
81.3,7.0,31.81,6.31,32.38
83.414,7.0,31.81,6.31,32.38
85.5,7.0,31.87,6.31,32.38
87.569,7.0,31.81,6.31,32.31
89.682,7.0,31.81,6.31,32.38
91.74,7.0,31.81,6.25,32.38
93.858,7.0,31.81,6.25,32.38
95.909,7.0,31.81,6.25,32.38
98.004,7.0,31.81,6.25,32.38
100.08,7.0,31.81,6.25,32.38
102.2,7.0,31.81,6.19,32.38
104.309,7.0,31.81,6.19,32.38
106.354,7.0,31.87,6.19,32.44
108.41,7.0,31.81,6.13,32.44
110.512,7.0,31.87,6.13,32.44
112.609,7.0,31.87,6.13,32.44
114.687,7.0,31.87,6.13,32.38
116.791,7.0,31.87,6.13,32.38
118.875,7.0,31.81,6.06,32.38
120.96,7.0,31.81,6.06,32.31
123.059,7.0,31.81,6.06,32.31
125.112,7.0,31.81,6.06,32.31
127.216,7.0,31.81,6.0,32.31
129.284,7.0,31.81,6.0,32.38
131.393,7.0,31.81,6.0,32.38
133.446,7.0,31.81,6.0,32.38
135.568,7.0,31.81,5.94,32.38
137.636,7.0,31.81,5.94,32.38
139.739,7.0,31.81,5.94,32.38
141.798,7.0,31.81,5.94,32.31
143.893,7.0,31.81,5.94,32.31
145.993,7.0,31.81,5.88,32.31
148.062,7.0,31.81,5.81,32.38
150.132,7.0,31.81,5.81,32.38
152.237,7.0,31.87,5.75,32.38
154.308,7.0,31.87,5.75,32.38
156.402,7.0,31.87,5.69,32.38
158.508,7.0,31.87,5.63,32.38
160.596,7.0,31.87,5.63,32.38
162.65,7.0,31.87,5.56,32.38
164.744,7.0,31.87,5.56,32.38
166.834,7.0,31.87,5.63,32.44
168.931,7.0,31.87,5.63,32.44
171.027,7.0,31.87,5.63,32.44
173.083,7.0,31.87,5.63,32.44
175.185,6.5,31.87,5.56,32.44
177.254,6.5,31.87,5.56,32.44
179.364,6.5,31.87,5.5,32.44
181.447,6.5,31.87,5.5,32.5
183.506,6.5,31.81,5.44,32.5
185.612,6.5,31.87,5.44,32.5
187.672,6.5,31.87,5.44,32.5
189.775,6.5,31.87,5.38,32.44
191.881,6.5,31.87,5.38,32.44
193.954,6.5,31.87,5.38,32.38
196.032,6.5,31.87,5.31,32.38
198.125,6.5,31.87,5.31,32.38
200.181,6.5,31.94,5.31,32.44
202.281,6.5,31.94,5.31,32.44
204.36,6.5,31.94,5.25,32.44
206.463,6.5,31.94,5.25,32.44
208.565,6.5,31.87,5.25,32.44
210.655,6.5,31.94,5.25,32.44
212.722,6.5,31.87,5.25,32.5
214.791,6.5,31.94,5.25,32.44
216.895,6.5,31.94,5.25,32.44
218.967,6.5,31.94,5.25,32.5
221.074,6.5,31.87,5.25,32.5
223.166,6.5,31.87,5.31,32.5
225.248,6.5,31.87,5.25,32.5
227.335,6.5,31.87,5.25,32.5
229.387,6.5,31.87,5.25,32.5
231.503,6.5,31.87,5.25,32.56
233.573,6.5,31.87,5.25,32.5
235.676,6.5,31.87,5.25,32.44
237.731,6.5,31.87,5.25,32.44
239.835,6.5,31.87,5.25,32.44
241.913,6.5,31.87,5.25,32.44
244.011,6.5,31.94,5.25,32.38
246.099,6.5,31.87,5.31,32.38
248.156,6.5,31.87,5.25,32.38
250.261,6.5,31.87,5.25,32.38
252.36,6.5,31.87,5.19,32.38
254.448,6.5,31.94,5.13,32.38
256.506,6.5,31.94,5.13,32.44
258.609,6.5,31.94,5.06,32.38
260.701,6.5,31.94,5.06,32.44
262.801,6.5,31.94,5.06,32.44
264.871,6.5,31.94,5.0,32.5
266.967,6.5,31.94,5.0,32.5
269.042,6.5,31.94,4.94,32.56
271.103,6.5,31.94,4.94,32.56
273.225,6.5,31.94,4.94,32.56
275.292,6.5,31.94,4.88,32.56
277.388,6.5,31.94,4.88,32.63
279.464,6.5,31.94,4.81,32.63
281.533,6.5,31.94,4.81,32.63
283.649,6.5,31.94,4.75,32.63
285.729,6.0,31.94,4.81,32.63
287.815,6.0,32.0,4.75,32.63
289.905,6.0,31.94,4.75,32.63
291.976,6.0,32.0,4.75,32.56
294.045,6.0,31.94,4.75,32.56
296.155,6.0,31.94,4.75,32.56
298.222,6.0,31.94,4.69,32.56
300.325,6.0,31.94,4.69,32.56
302.399,6.0,31.94,4.69,32.56
304.492,6.0,31.94,4.69,32.5
306.596,6.0,31.94,4.69,32.5
308.65,6.0,31.94,4.69,32.5
310.753,6.0,31.94,4.75,32.5
312.829,6.0,31.94,4.75,32.44
314.917,6.0,31.87,4.75,32.44
317.02,6.0,31.87,4.75,32.44
319.079,6.0,31.87,4.75,32.44
321.199,6.0,31.87,4.75,32.44
323.262,6.0,31.87,4.75,32.44
325.358,6.0,31.87,4.69,32.44
327.463,6.0,31.87,4.69,32.44
329.522,6.0,31.87,4.63,32.5
331.626,6.0,31.87,4.63,32.5
333.677,6.0,31.94,4.63,32.5
335.779,6.0,31.87,4.56,32.5
337.876,6.0,31.87,4.56,32.5
339.949,6.0,31.87,4.56,32.5
342.049,6.0,31.87,4.56,32.5
344.131,6.0,31.87,4.63,32.44
346.21,6.0,31.87,4.63,32.44
348.316,6.0,31.87,4.63,32.44
350.407,6.0,31.87,4.56,32.44
352.459,6.0,31.87,4.56,32.44
354.575,6.0,31.87,4.56,32.44
356.642,6.0,31.87,4.56,32.44
358.71,6.0,31.87,4.5,32.44
360.83,6.0,31.87,4.44,32.44
362.895,6.0,31.81,4.44,32.44
365.01,6.0,31.87,4.44,32.44
367.075,6.0,31.87,4.38,32.5
369.148,6.0,31.87,4.38,32.5
371.251,6.0,31.87,4.38,32.5
373.336,6.0,31.87,4.31,32.5
375.398,6.0,31.87,4.31,32.5
377.518,6.0,31.87,4.25,32.56
379.588,6.0,31.87,4.25,32.56
381.681,6.0,31.87,4.19,32.56
383.767,5.5,31.87,4.19,32.56
385.859,5.5,31.87,4.19,32.63
387.91,5.5,31.94,4.13,32.56
390.034,5.5,31.94,4.13,32.56
392.096,5.5,31.87,4.13,32.56
394.179,5.5,31.87,4.06,32.63
396.283,5.5,31.87,4.06,32.63
398.35,5.5,31.87,4.06,32.63
400.435,5.5,31.87,4.06,32.63
402.548,5.5,31.94,4.13,32.56
404.633,5.5,31.87,4.13,32.56
406.715,5.5,31.87,4.13,32.5
408.803,5.5,31.87,4.13,32.5
410.903,5.5,31.87,4.13,32.5
412.948,5.5,31.87,4.13,32.44
415.043,5.5,31.87,4.13,32.44
417.136,5.5,31.87,4.13,32.38
419.236,5.5,31.87,4.13,32.38
421.301,5.5,31.87,4.06,32.38
423.389,5.5,31.87,4.06,32.31
425.474,5.5,31.87,4.06,32.38
427.581,5.5,31.87,4.13,32.38
429.633,5.5,31.87,4.13,32.38
431.749,5.5,31.87,4.06,32.38
433.817,5.5,31.87,4.06,32.38
435.923,5.5,31.81,4.0,32.44
437.975,5.5,31.81,4.06,32.38
440.077,5.5,31.81,4.06,32.38
442.161,5.5,31.81,4.0,32.38
444.277,5.5,31.87,4.0,32.44
446.348,5.5,31.81,4.0,32.44
448.431,5.5,31.81,4.0,32.44
450.53,5.5,31.81,4.0,32.44
452.582,5.5,31.81,3.94,32.44
454.667,5.5,31.81,3.94,32.44
456.769,5.5,31.81,3.94,32.44
458.853,5.5,31.81,3.94,32.44
460.947,5.5,31.81,3.94,32.5
463.041,5.5,31.81,3.88,32.44
465.137,5.5,31.81,3.94,32.5
467.211,5.5,31.81,3.94,32.5
469.273,5.5,31.81,3.88,32.5
471.357,5.5,31.81,3.88,32.5
473.47,5.5,31.87,3.81,32.5
475.544,5.5,31.87,3.81,32.5
477.623,5.5,31.87,3.81,32.44
479.706,5.5,31.87,3.81,32.44
481.785,5.5,31.87,3.75,32.5
483.878,5.0,31.87,3.81,32.5
485.961,5.5,31.87,3.81,32.5
488.083,5.5,31.87,3.81,32.5
490.149,5.0,31.81,3.81,32.5
492.222,5.5,31.87,3.75,32.5
494.341,5.5,31.81,3.75,32.5
496.399,5.5,31.87,3.75,32.56
498.482,5.0,31.87,3.69,32.56
500.59,5.0,31.81,3.69,32.5
502.681,5.0,31.87,3.69,32.5
504.729,5.0,31.81,3.69,32.5
506.845,5.0,31.81,3.69,32.5
508.904,5.0,31.81,3.69,32.5
511.002,5.0,31.81,3.69,32.56
513.103,5.0,31.81,3.69,32.5
515.184,5.0,31.81,3.69,32.5
517.253,5.0,31.81,3.75,32.5
519.359,5.0,31.81,3.81,32.44
521.422,5.0,31.75,3.81,32.44
523.526,5.0,31.75,3.81,32.38
525.611,5.0,31.75,3.81,32.38
527.675,5.0,31.75,3.81,32.38
529.769,5.0,31.75,3.88,32.31
531.883,5.0,31.75,3.88,32.31
533.964,5.0,31.75,3.94,32.31
536.025,5.0,31.75,3.88,32.31
538.132,5.0,31.69,3.88,32.31
540.219,5.0,31.75,3.88,32.38
542.314,5.0,31.69,3.88,32.38
544.399,5.0,31.69,3.88,32.38
546.459,5.0,31.69,3.88,32.38
548.559,5.0,31.69,3.94,32.38
550.633,5.0,31.69,4.0,32.31
552.731,5.0,31.62,4.0,32.31
554.801,5.0,31.69,3.94,32.31
556.902,5.0,31.62,3.94,32.31
558.992,5.0,31.62,3.94,32.31
561.078,5.0,31.62,3.94,32.31
563.141,5.0,31.62,3.88,32.25
565.257,5.0,31.62,3.94,32.25
567.309,5.0,31.56,3.94,32.25
569.426,5.0,31.56,3.88,32.25
571.489,5.0,31.56,3.88,32.25
573.571,5.0,31.56,3.81,32.25
575.67,5.0,31.62,3.81,32.25
577.763,5.0,31.56,3.75,32.31
579.847,5.0,31.56,3.69,32.31
581.93,5.0,31.62,3.75,32.31
583.998,5.0,31.56,3.75,32.31
586.106,5.0,31.56,3.75,32.31
588.207,5.0,31.56,3.81,32.31
590.292,5.0,31.56,3.75,32.31
592.369,5.0,31.56,3.81,32.25
594.449,5.0,31.56,3.81,32.31
596.536,5.0,31.5,3.81,32.31
598.619,5.0,31.5,3.81,32.31
600.685,5.0,31.5,3.88,32.31
602.811,5.0,31.5,3.88,32.31
604.875,5.0,31.5,3.88,32.25
606.979,5.0,31.5,3.88,32.25
609.075,5.0,31.5,3.88,32.25
611.147,5.0,31.5,3.88,32.25
613.209,5.0,31.5,3.81,32.25
615.295,5.0,31.5,3.81,32.25
617.376,5.0,31.5,3.69,32.25
619.494,5.0,31.5,3.69,32.31
621.564,5.0,31.5,3.63,32.31
623.661,5.0,31.5,3.63,32.31
625.762,5.0,31.5,3.63,32.25
627.817,5.0,31.5,3.63,32.31
629.925,5.0,31.5,3.63,32.25
631.979,5.0,31.5,3.63,32.25
634.109,5.0,31.5,3.56,32.25
636.162,5.0,31.5,3.5,32.25
638.267,5.0,31.5,3.5,32.31
640.351,5.0,31.5,3.5,32.31
642.42,5.0,31.5,3.44,32.25
644.522,5.0,31.5,3.44,32.31
646.606,5.0,31.5,3.38,32.31
648.694,5.0,31.5,3.38,32.31
650.776,4.5,31.5,3.38,32.38
652.873,5.0,31.5,3.44,32.31
654.953,5.0,31.5,3.44,32.31
657.041,4.5,31.5,3.44,32.31
659.138,5.0,31.5,3.44,32.38
661.195,4.5,31.5,3.44,32.38
663.305,4.5,31.5,3.44,32.44
665.393,4.5,31.5,3.44,32.44
667.477,4.5,31.5,3.38,32.44
669.54,4.5,31.5,3.38,32.5
671.63,4.5,31.5,3.38,32.5
673.713,4.5,31.5,3.38,32.5
675.785,4.5,31.5,3.38,32.5
677.883,4.5,31.5,3.38,32.44
679.991,4.5,31.5,3.44,32.44
682.051,4.5,31.5,3.44,32.44
684.172,4.5,31.5,3.44,32.44
686.256,4.5,31.5,3.44,32.44
688.323,4.5,31.5,3.44,32.44
690.405,4.5,31.5,3.38,32.44
692.491,4.5,31.5,3.44,32.44
694.592,4.5,31.5,3.38,32.38
696.685,4.5,31.5,3.38,32.38
698.753,4.5,31.5,3.38,32.38
700.848,4.5,31.5,3.31,32.38
702.93,4.5,31.5,3.25,32.38
705.001,4.5,31.5,3.25,32.38
707.081,4.5,31.5,3.19,32.38
709.181,4.5,31.5,3.19,32.44
711.264,4.5,31.5,3.13,32.44
713.348,4.5,31.5,3.13,32.44
715.435,4.5,31.56,3.0,32.5
717.557,4.5,31.56,2.94,32.5
719.617,4.5,31.56,2.94,32.5
721.698,4.5,31.56,2.88,32.56
723.801,4.5,31.62,2.81,32.56
725.869,4.5,31.62,2.81,32.56
727.971,4.5,31.62,2.75,32.56
730.059,4.5,31.62,2.75,32.56
732.14,4.5,31.62,2.81,32.56
734.227,4.5,31.62,2.88,32.56
736.312,4.5,31.62,2.88,32.56
738.393,4.5,31.62,2.81,32.56
740.478,4.5,31.62,2.88,32.5
742.577,4.5,31.56,2.88,32.5
744.645,4.5,31.56,2.94,32.5
746.724,4.5,31.62,2.94,32.5
748.841,4.5,31.62,2.94,32.5
750.921,4.5,31.56,2.94,32.5
753.002,4.5,31.56,2.88,32.5
755.108,4.5,31.56,2.88,32.5
757.162,4.5,31.56,2.94,32.5
759.234,4.5,31.56,2.94,32.5
761.348,4.5,31.56,2.94,32.5
763.415,4.5,31.56,2.88,32.56
765.501,4.5,31.56,2.81,32.56
767.606,4.5,31.56,2.75,32.56
769.684,4.5,31.56,2.81,32.5
771.764,4.5,31.56,2.81,32.5
773.877,4.5,31.56,2.88,32.5
775.939,4.5,31.56,2.94,32.5
778.039,4.5,31.56,2.94,32.5
780.118,4.5,31.5,3.06,32.5
782.211,4.0,31.5,3.06,32.5
784.273,4.0,31.5,3.13,32.5
786.394,4.0,31.5,3.13,32.5
788.445,4.0,31.5,3.13,32.5
790.546,4.0,31.5,3.13,32.5
792.646,4.0,31.5,3.13,32.5
794.729,4.0,31.5,3.13,32.5
796.814,4.0,31.5,3.13,32.5
798.883,4.0,31.5,3.06,32.5
800.963,4.0,31.5,3.0,32.5
803.083,4.0,31.5,2.94,32.5
805.151,4.0,31.5,2.94,32.5
807.239,4.0,31.5,2.88,32.5
809.321,4.0,31.5,2.88,32.5
811.436,4.0,31.5,2.81,32.56
813.503,4.0,31.5,2.81,32.56
815.593,4.0,31.5,2.75,32.5
817.665,4.0,31.5,2.75,32.5
819.757,4.0,31.5,2.75,32.5
821.841,4.0,31.5,2.75,32.44
823.922,4.0,31.5,2.75,32.5
826.0,4.0,31.5,2.69,32.5
828.112,4.0,31.5,2.63,32.5
830.196,4.0,31.5,2.63,32.5
832.261,4.0,31.5,2.63,32.44
834.361,4.0,31.5,2.63,32.44
836.444,4.0,31.5,2.56,32.44
838.514,4.0,31.5,2.56,32.44
840.613,4.0,31.5,2.56,32.44
842.72,4.0,31.5,2.56,32.44
844.793,4.0,31.5,2.56,32.38
846.876,4.0,31.5,2.56,32.38
848.967,4.0,31.5,2.56,32.38
851.083,4.0,31.5,2.56,32.38
853.139,4.0,31.5,2.5,32.38
855.232,4.0,31.5,2.56,32.38
857.331,4.0,31.5,2.56,32.44
859.403,4.0,31.5,2.63,32.44
861.466,4.0,31.5,2.63,32.44
863.572,4.0,31.44,2.63,32.44
865.657,4.0,31.44,2.63,32.38
867.724,4.0,31.44,2.63,32.38
869.841,4.0,31.44,2.56,32.38
871.918,4.0,31.44,2.56,32.38
874.011,4.0,31.44,2.5,32.31
876.102,4.0,31.44,2.5,32.31
878.184,4.0,31.44,2.56,32.31
880.245,4.0,31.44,2.5,32.31
882.337,4.0,31.44,2.5,32.38
884.445,4.0,31.5,2.44,32.38
886.539,4.0,31.5,2.38,32.44
888.59,4.0,31.5,2.31,32.44
890.683,4.0,31.5,2.31,32.5
892.758,4.0,31.56,2.31,32.5
894.87,4.0,31.56,2.25,32.5
896.934,4.0,31.56,2.31,32.5
899.063,4.0,31.56,2.25,32.5
901.123,4.0,31.56,2.25,32.5
903.209,4.0,31.56,2.19,32.56
905.277,3.5,31.56,2.13,32.5
907.39,4.0,31.56,2.13,32.56
909.485,3.5,31.56,2.06,32.5
911.549,3.5,31.56,2.06,32.44
913.644,3.5,31.56,2.06,32.44
915.727,3.5,31.56,2.0,32.44
917.82,3.5,31.56,2.06,32.44
919.909,3.5,31.56,2.06,32.44
921.975,3.5,31.56,2.13,32.44
924.07,3.5,31.56,2.13,32.44
926.165,3.5,31.5,2.19,32.44
928.258,3.5,31.5,2.25,32.5
930.332,3.5,31.5,2.25,32.44
932.447,3.5,31.5,2.31,32.5
934.517,3.5,31.5,2.31,32.44
936.618,3.5,31.5,2.31,32.5
938.683,3.5,31.5,2.25,32.5
940.753,3.5,31.5,2.25,32.5
942.873,3.5,31.5,2.19,32.5
944.931,3.5,31.5,2.19,32.5
947.007,3.5,31.5,2.19,32.5
949.1,3.5,31.5,2.19,32.5
951.181,3.5,31.5,2.19,32.5
953.267,3.5,31.5,2.19,32.5
955.357,3.5,31.44,2.13,32.5
957.44,3.5,31.44,2.06,32.5
959.537,3.5,31.44,2.06,32.5
961.626,3.5,31.44,2.13,32.5
963.728,3.5,31.44,2.19,32.44
965.827,3.5,31.44,2.25,32.38
967.873,3.5,31.44,2.25,32.38
969.973,3.5,31.37,2.31,32.38
972.047,3.5,31.37,2.31,32.31
974.137,3.5,31.37,2.31,32.31
976.227,3.5,31.37,2.31,32.31
978.308,3.5,31.37,2.25,32.25
980.4,3.5,31.37,2.25,32.25
982.481,3.5,31.37,2.31,32.19
984.579,3.5,31.37,2.25,32.19
986.675,3.5,31.37,2.25,32.19
988.769,3.5,31.37,2.25,32.19
990.864,3.5,31.37,2.19,32.19
992.925,3.5,31.37,2.19,32.25
995.022,3.5,31.44,2.19,32.19
997.117,3.5,31.44,2.13,32.19
999.201,3.5,31.44,2.13,32.19
1001.261,3.5,31.44,2.13,32.19
1003.346,3.5,31.44,2.19,32.19
1005.455,3.5,31.44,2.19,32.25
1007.546,3.5,31.44,2.19,32.25
1009.618,3.5,31.44,2.25,32.31
1011.716,3.5,31.44,2.25,32.31
1013.808,3.5,31.44,2.25,32.31
1015.861,3.5,31.44,2.19,32.38
1017.948,3.5,31.5,2.19,32.38
1020.063,3.5,31.5,2.13,32.31
1022.149,3.5,31.5,2.06,32.38
1024.244,3.5,31.5,2.06,32.38
1026.301,3.5,31.5,2.0,32.38
1028.409,3.5,31.5,2.0,32.38
1030.497,3.5,31.5,1.94,32.38
1032.553,3.5,31.5,1.88,32.44
1034.649,3.5,31.5,1.94,32.38
1036.761,3.5,31.5,1.94,32.44
1038.839,3.5,31.5,1.94,32.38
1040.933,3.5,31.5,1.94,32.38
1043.022,3.5,31.5,1.94,32.38
1045.105,3.5,31.5,1.94,32.44
1047.185,3.5,31.5,1.94,32.38
1049.282,3.5,31.5,2.0,32.38
1051.335,3.5,31.5,2.0,32.31
1053.419,3.5,31.5,2.06,32.31
1055.514,3.5,31.5,2.06,32.31
1057.615,3.5,31.5,2.13,32.31
1059.701,3.5,31.5,2.06,32.31
1061.781,3.5,31.5,2.06,32.31
1063.877,3.5,31.5,2.06,32.38
1065.939,3.5,31.5,2.06,32.31
1068.028,3.5,31.56,2.06,32.38
1070.107,3.5,31.5,2.06,32.38
1072.21,3.5,31.56,2.06,32.38
1074.273,3.5,31.56,2.06,32.38
1076.385,3.5,31.56,2.0,32.44
1078.459,3.5,31.62,2.0,32.44
1080.558,3.5,31.62,1.94,32.5
1082.733,3.5,31.69,1.94,32.56
1084.731,3.5,31.69,1.94,32.56
1086.8,3.5,31.75,1.94,32.63
1088.903,3.5,31.75,1.94,32.69
1090.978,3.5,31.75,2.0,32.75
1093.057,3.5,31.75,2.0,32.81
1095.183,3.5,31.81,2.06,32.81
1097.232,3.5,31.87,2.13,32.94
1099.341,3.5,31.87,2.13,32.94
1101.413,3.5,31.94,2.13,33.0
1103.503,3.5,31.94,2.19,33.06
1105.606,3.5,32.0,2.25,33.13
1107.69,3.5,32.0,2.25,33.19
1109.773,3.5,32.06,2.25,33.25
1111.828,3.5,32.06,2.31,33.31
1113.913,3.5,32.13,2.31,33.38
1116.014,3.0,32.19,2.31,33.44
1118.108,3.0,32.19,2.38,33.44
1120.205,3.5,32.25,2.38,33.56
1122.304,3.5,32.31,2.44,33.63
1124.366,3.5,32.38,2.44,33.69
1126.469,3.5,32.44,2.44,33.75
1128.547,3.0,32.44,2.5,33.81
1130.636,3.0,32.5,2.5,33.88
1132.726,3.5,32.56,2.5,33.88
1134.813,3.0,32.63,2.5,33.94
1136.869,3.5,32.63,2.56,34.06
1138.961,3.5,32.75,2.63,34.06
1141.047,3.5,32.75,2.69,34.06
1143.137,3.5,32.81,2.63,34.13
1145.243,3.5,32.88,2.69,34.19
1147.294,3.5,32.94,2.63,34.31
1149.385,3.5,33.0,2.63,34.38
1151.469,3.5,33.06,2.56,34.44
1153.561,3.5,33.13,2.5,34.5
1155.655,3.5,33.19,2.5,34.56
1157.757,3.5,33.25,2.44,34.63
1159.847,3.5,33.31,2.44,34.69
1161.893,3.5,33.38,2.44,34.75
1164.005,3.5,33.44,2.38,34.81
1166.067,3.5,33.5,2.38,34.88
1168.165,3.5,33.63,2.38,35.0
1170.253,3.5,33.69,2.31,35.06
1172.331,3.5,33.75,2.38,35.13
1174.416,3.5,33.75,2.44,35.19
1176.53,3.5,33.81,2.44,35.31
1178.595,3.5,33.88,2.44,35.38
1180.672,3.5,33.94,2.38,35.38
1182.768,3.5,34.0,2.38,35.44
1184.865,3.5,34.06,2.38,35.5
1186.958,3.5,34.13,2.31,35.56
1189.006,3.5,34.19,2.25,35.56
1191.086,3.5,34.25,2.25,35.63
1193.188,4.0,34.38,2.19,35.69
1195.302,3.5,34.38,2.19,35.75
1197.363,4.0,34.44,2.13,35.81
1199.463,4.0,34.5,2.06,35.88
1201.56,4.0,34.56,2.13,35.94
1203.633,4.0,34.63,2.06,35.94
1205.699,4.0,34.69,2.0,36.06
1207.778,4.0,34.75,2.0,36.13
1209.858,4.0,34.81,1.94,36.19
1211.955,4.0,34.88,1.94,36.25
1214.047,4.0,34.94,1.88,36.31
1216.13,4.0,35.0,1.88,36.31
1218.23,4.0,35.0,1.94,36.31
1220.326,4.0,35.06,2.0,36.38
1222.376,4.0,35.06,2.0,36.44
1224.457,4.0,35.13,2.06,36.5
1226.567,4.0,35.19,2.06,36.5
1228.643,4.0,35.19,2.06,36.56
1230.738,4.0,35.25,2.06,36.63
1232.82,4.0,35.31,2.13,36.69
1234.915,4.0,35.38,2.13,36.69
1236.998,4.0,35.38,2.13,36.75
1239.062,4.0,35.44,2.13,36.81
1241.155,4.0,35.5,2.13,36.81
1243.261,4.0,35.5,2.06,36.88
1245.305,4.0,35.56,2.0,37.0
1247.437,4.0,35.63,2.0,37.0
1249.511,4.0,35.69,1.94,37.13
1251.587,4.0,35.75,1.94,37.19
1253.665,4.0,35.81,1.88,37.25
1255.761,4.0,35.81,1.81,37.25
1257.838,4.0,35.88,1.81,37.31
1259.927,4.0,35.94,1.75,37.31
1262.001,4.0,35.94,1.75,37.31
1264.082,4.0,36.0,1.69,37.25
1266.17,4.0,36.0,1.69,37.25
1268.289,4.0,36.0,1.75,37.25
1270.375,4.0,36.06,1.75,37.25
1272.453,4.0,36.06,1.75,37.31
1274.543,4.0,36.06,1.88,37.31
1276.618,4.0,36.13,1.88,37.31
1278.675,4.0,36.13,1.88,37.31
1280.76,4.0,36.19,1.88,37.31
1282.852,4.0,36.19,2.0,37.31
1284.945,4.0,36.13,2.0,37.31
1287.023,4.0,36.19,2.06,37.25
1289.108,4.0,36.19,2.06,37.25
1291.195,4.0,36.19,2.06,37.25
1293.288,4.0,36.19,2.0,37.25
1295.369,4.0,36.19,2.0,37.25
1297.461,4.0,36.25,1.94,37.31
1299.571,4.0,36.25,1.94,37.31
1301.616,4.0,36.25,1.88,37.38
1303.701,4.0,36.31,1.88,37.31
1305.79,4.0,36.31,1.88,37.38
1307.869,4.0,36.31,1.88,37.38
1309.961,4.0,36.31,1.94,37.44
1312.042,4.0,36.31,1.94,37.44
1314.132,4.0,36.31,1.94,37.44
1316.211,4.0,36.31,1.88,37.44
1318.338,4.0,36.31,1.88,37.44
1320.394,4.0,36.31,1.88,37.44
1322.474,4.0,36.38,1.88,37.44
1324.594,4.0,36.38,1.88,37.44
1326.642,4.0,36.38,1.88,37.44
1328.757,4.0,36.38,1.94,37.44
1330.803,4.0,36.38,1.94,37.44
1332.892,4.0,36.38,1.94,37.5
1334.977,4.0,36.38,2.0,37.5
1337.069,4.0,36.38,2.06,37.5
1339.157,4.0,36.38,2.06,37.5
1341.247,4.0,36.38,2.13,37.5
1343.323,4.0,36.31,2.19,37.5
1345.417,4.0,36.31,2.19,37.5
1347.506,4.0,36.31,2.19,37.56
1349.574,4.0,36.31,2.25,37.56
1351.667,4.0,36.25,2.25,37.56
1353.76,4.0,36.31,2.25,37.56
1355.831,4.0,36.25,2.25,37.5
1357.924,4.0,36.25,2.19,37.5
1360.023,4.0,36.25,2.19,37.5
1362.115,4.0,36.25,2.19,37.5
1364.194,4.0,36.25,2.19,37.5
1366.287,4.0,36.25,2.19,37.5
1368.333,4.0,36.25,2.19,37.5
1370.462,4.0,36.25,2.25,37.5
1372.554,4.0,36.25,2.25,37.5
1374.593,4.0,36.25,2.25,37.5
1376.705,4.0,36.19,2.25,37.5
1378.808,4.0,36.25,2.25,37.44
1380.885,4.0,36.19,2.25,37.44
1382.968,4.0,36.25,2.25,37.44
1385.052,4.0,36.19,2.19,37.44
1387.106,4.0,36.19,2.25,37.38
1389.197,4.0,36.19,2.19,37.38
1391.314,4.0,36.19,2.19,37.38
1393.361,4.0,36.19,2.19,37.31
1395.447,4.0,36.19,2.25,37.31
1397.569,4.0,36.19,2.31,37.31
1399.659,4.0,36.13,2.38,37.31
1401.709,4.0,36.13,2.44,37.38
1403.807,4.0,36.13,2.44,37.38
1405.904,4.0,36.13,2.5,37.38
1407.977,4.0,36.06,2.5,37.38
1410.067,4.0,36.06,2.56,37.38
1412.15,4.0,36.13,2.56,37.38
1414.251,4.0,36.06,2.63,37.44
1416.316,4.0,36.06,2.63,37.44
1418.403,4.0,36.06,2.63,37.44
1420.487,4.0,36.06,2.63,37.38
1422.565,4.0,36.0,2.63,37.38
1424.65,4.0,36.0,2.63,37.44
1426.727,4.0,36.0,2.63,37.38
1428.806,4.0,36.0,2.63,37.38
1430.934,4.0,36.0,2.56,37.38
1432.979,4.0,36.0,2.56,37.38
1435.067,4.0,36.0,2.56,37.38
1437.147,4.0,36.0,2.56,37.38
1439.235,4.0,36.06,2.56,37.31
1441.345,4.0,36.0,2.56,37.31
1443.428,4.0,36.06,2.56,37.31
1445.515,4.0,36.0,2.5,37.31
1447.615,4.0,36.0,2.5,37.31
1449.682,4.0,36.0,2.5,37.31
1451.772,4.0,36.0,2.5,37.31
1453.858,4.0,36.0,2.44,37.31
1455.948,4.0,36.06,2.44,37.31
1458.028,4.0,36.06,2.38,37.31
1460.089,4.0,36.06,2.31,37.31
1462.189,4.0,36.06,2.25,37.25
1464.281,4.0,36.13,2.25,37.25
1466.348,4.0,36.13,2.19,37.19
1468.436,4.0,36.13,2.13,37.19
1470.532,4.0,36.19,2.19,37.19
1472.62,4.0,36.19,2.19,37.19
1474.686,4.0,36.19,2.13,37.25
1476.765,4.0,36.19,2.13,37.19
1478.851,4.0,36.25,2.13,37.19
1480.973,4.0,36.25,2.06,37.19
1483.063,4.0,36.31,2.06,37.25
1485.118,4.0,36.31,2.06,37.25
1487.202,4.0,36.31,2.06,37.25
1489.297,4.0,36.38,2.06,37.25
1491.378,4.0,36.38,2.13,37.25
1493.459,4.0,36.38,2.13,37.25
1495.549,4.0,36.38,2.06,37.31
1497.623,4.0,36.44,2.06,37.31
1499.723,4.0,36.44,2.06,37.25
1501.8,4.0,36.44,2.06,37.25
1503.897,4.0,36.5,2.13,37.25
1505.977,4.0,36.5,2.19,37.19
1508.053,4.0,36.44,2.25,37.19
1510.144,4.0,36.44,2.25,37.19
1512.236,4.0,36.44,2.25,37.19
1514.322,4.0,36.44,2.25,37.25
1516.395,4.0,36.44,2.31,37.25
1518.482,4.0,36.44,2.31,37.19
1520.573,4.0,36.44,2.44,37.19
1522.672,4.5,36.44,2.44,37.25
1524.719,4.5,36.38,2.44,37.19
1526.829,4.5,36.44,2.5,37.19
1528.936,4.5,36.38,2.56,37.19
1531.018,4.0,36.38,2.63,37.19
1533.071,4.5,36.38,2.63,37.25
1535.143,4.5,36.38,2.63,37.25
1537.249,4.5,36.31,2.63,37.25
1539.323,4.5,36.38,2.56,37.25
1541.438,4.5,36.38,2.5,37.19
1543.503,4.5,36.38,2.5,37.25
1545.596,4.5,36.38,2.5,37.25
1547.701,4.5,36.38,2.5,37.25
1549.778,4.5,36.38,2.44,37.31
1551.858,4.5,36.38,2.38,37.31
1553.926,4.5,36.38,2.31,37.38
1556.008,4.5,36.38,2.25,37.44
1558.096,4.5,36.44,2.19,37.44
1560.174,4.5,36.44,2.19,37.44
1562.273,4.5,36.44,2.13,37.44
1564.354,4.5,36.44,2.06,37.44
1566.44,4.5,36.44,2.06,37.5
1568.51,4.5,36.44,2.0,37.5
1570.636,4.5,36.44,2.0,37.5
1572.685,4.5,36.44,2.0,37.56
1574.804,4.5,36.44,2.0,37.56
1576.879,4.5,36.5,2.0,37.63
1578.961,4.5,36.5,2.0,37.63
1581.055,4.5,36.5,1.94,37.63
1583.146,4.5,36.44,2.0,37.63
1585.189,4.5,36.5,2.06,37.63
1587.282,4.5,36.5,2.13,37.63
1589.403,4.5,36.5,2.19,37.63
1591.452,4.5,36.44,2.19,37.63
1593.532,4.5,36.44,2.19,37.63
1595.614,4.5,36.44,2.19,37.63
1597.735,4.5,36.44,2.19,37.63
1599.785,4.5,36.44,2.13,37.63
1601.893,4.5,36.44,2.13,37.56
1603.98,4.5,36.44,2.13,37.56
1606.045,4.5,36.44,2.06,37.56
1608.129,4.5,36.5,2.06,37.56
1610.235,4.5,36.5,2.06,37.56
1612.328,4.0,36.56,2.0,37.56
1614.425,4.0,36.56,2.06,37.5
1616.509,4.0,36.5,2.06,37.56
1618.55,4.0,36.56,2.0,37.56
1620.643,4.0,36.56,2.0,37.56
1622.722,4.0,36.56,1.94,37.56
1624.81,4.0,36.56,1.94,37.5
1626.935,4.0,36.56,1.94,37.5
1629.021,4.0,36.56,2.0,37.5
1631.059,4.5,36.5,2.0,37.5
1633.166,4.0,36.56,2.06,37.5
1635.259,4.0,36.5,2.06,37.5
1637.342,4.0,36.5,2.06,37.5
1639.427,4.0,36.5,2.13,37.5
1641.503,4.0,36.44,2.13,37.56
1643.589,4.0,36.5,2.13,37.56
1645.685,4.0,36.44,2.19,37.56
1647.744,4.0,36.44,2.25,37.44
1649.827,4.0,36.44,2.31,37.44
1651.921,4.0,36.44,2.31,37.38
1654.035,4.0,36.44,2.38,37.38
1656.118,4.0,36.44,2.38,37.38
1658.205,4.0,36.44,2.31,37.38
1660.256,4.0,36.44,2.31,37.31
1662.342,4.0,36.44,2.25,37.38
1664.463,4.0,36.44,2.19,37.38
1666.511,4.0,36.44,2.13,37.38
1668.619,4.0,36.5,2.13,37.38
1670.709,4.0,36.44,2.13,37.38
1672.803,4.0,36.5,2.13,37.44
1674.851,4.0,36.5,2.13,37.44
1676.977,4.0,36.5,2.06,37.44
1679.062,4.0,36.5,2.06,37.44
1681.117,4.0,36.5,2.06,37.44
1683.21,4.0,36.5,2.06,37.44
1685.312,4.0,36.5,2.06,37.44
1687.379,4.0,36.5,2.13,37.5
1689.476,4.0,36.5,2.06,37.5
1691.563,4.0,36.5,2.13,37.5
1693.639,4.0,36.5,2.06,37.5
1695.73,4.0,36.5,2.06,37.56
1697.82,4.0,36.5,2.06,37.56
1699.901,4.0,36.5,2.06,37.63
1701.965,4.0,36.5,2.06,37.63
1704.047,4.0,36.5,2.06,37.69
1706.128,4.0,36.56,2.0,37.69
1708.257,4.0,36.56,2.06,37.63
1710.303,4.0,36.56,2.06,37.63
1712.396,4.0,36.56,2.0,37.69
1714.492,4.0,36.63,2.06,37.69
1716.563,4.0,36.56,2.06,37.63
1718.646,4.0,36.63,2.06,37.69
1720.766,4.0,36.56,2.13,37.63
1722.816,4.0,36.63,2.13,37.69
1724.914,4.0,36.63,2.06,37.69
1726.991,4.0,36.63,2.06,37.75
1729.094,4.0,36.63,2.06,37.69
1731.172,4.0,36.63,2.06,37.69
1733.261,4.0,36.63,2.06,37.63
1735.353,4.0,36.63,2.19,37.63
1737.448,4.0,36.63,2.25,37.63
1739.489,4.0,36.56,2.25,37.63
1741.608,4.0,36.63,2.25,37.63
1743.689,4.0,36.56,2.25,37.56
1745.754,4.0,36.56,2.31,37.56
1747.851,4.0,36.56,2.31,37.56
1749.937,4.0,36.56,2.38,37.56
1752.028,4.0,36.56,2.44,37.56
1754.114,4.0,36.5,2.44,37.56
1756.206,4.0,36.5,2.5,37.56
1758.289,4.0,36.5,2.56,37.56
1760.379,4.0,36.5,2.56,37.56
1762.435,4.0,36.44,2.56,37.63
1764.526,4.0,36.44,2.56,37.63
1766.629,4.0,36.44,2.56,37.69
1768.708,4.0,36.44,2.56,37.69
1770.794,4.0,36.44,2.63,37.75
1772.871,4.0,36.44,2.63,37.75
1774.962,4.0,36.38,2.63,37.75
1777.061,4.0,36.38,2.69,37.75
1779.108,4.0,36.38,2.75,37.69
1781.207,4.0,36.31,2.75,37.69
1783.283,4.0,36.31,2.81,37.69
1785.384,4.0,36.31,2.81,37.75
1787.464,4.0,36.31,2.75,37.75
1789.562,4.0,36.31,2.75,37.75
1791.657,3.5,36.31,2.69,37.75
1793.704,3.5,36.25,2.63,37.81
1795.828,3.5,36.31,2.63,37.81
1797.909,3.5,36.31,2.56,37.81
1799.997,3.5,36.25,2.5,37.75
1802.068,3.5,36.25,2.5,37.75
1804.158,3.5,36.31,2.5,37.75
1806.248,3.5,36.25,2.5,37.75
1808.34,3.5,36.25,2.5,37.75
1810.391,3.5,36.19,2.56,37.75
1812.491,3.5,36.19,2.56,37.75
1814.591,3.5,36.19,2.63,37.69
1816.673,3.5,36.19,2.69,37.69
1818.762,3.5,36.19,2.69,37.69
1820.843,3.5,36.13,2.75,37.75
1822.891,3.5,36.13,2.75,37.75
1824.997,3.5,36.13,2.81,37.75
1827.061,3.5,36.13,2.81,37.81
1829.154,3.5,36.13,2.88,37.81
1831.255,3.5,36.13,2.88,37.81
1833.334,3.5,36.13,2.81,37.81
1835.408,3.5,36.13,2.88,37.75
1837.503,3.5,36.06,2.88,37.81
1839.598,3.5,36.06,2.81,37.81
1841.688,3.5,36.06,2.81,37.81
1843.781,3.5,36.06,2.81,37.81
1845.827,3.5,36.06,2.81,37.88
1847.95,3.5,36.06,2.75,37.81
1850.035,3.5,36.06,2.75,37.88
1852.1,3.5,36.06,2.75,37.81
1854.188,3.5,36.06,2.69,37.81
1856.265,3.5,36.06,2.63,37.81
1858.358,3.5,36.06,2.63,37.81
1860.437,3.5,36.06,2.63,37.81
1862.527,3.5,36.06,2.56,37.81
1864.604,3.5,36.06,2.56,37.81
1866.681,3.5,36.06,2.5,37.75
1868.775,3.5,36.06,2.56,37.75
1870.862,3.5,36.06,2.56,37.75
1872.957,3.5,36.06,2.56,37.75
1875.049,3.5,36.06,2.56,37.75
1877.143,3.5,36.06,2.56,37.75
1879.197,3.5,36.06,2.63,37.75
1881.285,3.5,36.0,2.63,37.69
1883.362,3.5,36.0,2.63,37.69
1885.448,3.5,36.0,2.63,37.63
1887.549,3.5,36.0,2.56,37.63
1889.617,3.5,36.0,2.56,37.63
1891.714,3.5,36.0,2.5,37.69
1893.8,3.5,36.0,2.5,37.69
1895.907,3.5,36.06,2.38,37.69
1897.991,3.5,36.06,2.31,37.69
1900.055,3.5,36.06,2.31,37.69
1902.162,3.5,36.06,2.31,37.69
1904.215,3.5,36.06,2.31,37.69
1906.311,3.5,36.06,2.31,37.63
1908.421,3.5,36.06,2.31,37.63
1910.485,3.5,36.06,2.38,37.63
1912.57,3.5,36.0,2.44,37.63
1914.67,3.5,36.06,2.5,37.63
1916.721,3.5,36.06,2.5,37.63
1918.808,3.5,36.0,2.5,37.63
1920.895,3.5,36.06,2.44,37.69
1922.993,3.5,36.0,2.44,37.63
1925.086,3.5,36.0,2.38,37.63
1927.188,3.5,36.0,2.38,37.63
1929.235,3.5,36.0,2.38,37.69
1931.333,3.5,36.0,2.38,37.69
1933.408,3.5,36.0,2.38,37.69
1935.508,3.5,36.0,2.38,37.69
1937.593,3.5,36.0,2.44,37.69
1939.687,3.5,36.0,2.5,37.69
1941.776,3.5,36.0,2.5,37.69
1943.871,3.5,35.94,2.56,37.63
1945.929,3.5,35.94,2.56,37.63
1948.033,3.5,35.94,2.63,37.63
1950.11,3.5,35.94,2.63,37.63
1952.179,3.5,35.88,2.63,37.69
1954.278,3.5,35.88,2.69,37.69
1956.359,3.5,35.94,2.63,37.69
1958.455,3.5,35.94,2.63,37.75
1960.536,3.5,35.94,2.56,37.75
1962.609,3.5,35.94,2.5,37.75
1964.704,3.5,35.94,2.5,37.75
1966.8,3.5,35.94,2.5,37.75
1968.849,3.5,35.94,2.5,37.75
1970.956,3.5,36.0,2.5,37.75
1973.018,3.5,35.94,2.5,37.75
1975.147,4.0,35.94,2.5,37.69
1977.226,4.0,35.94,2.56,37.75
1979.283,4.0,35.94,2.5,37.75
1981.369,4.0,35.94,2.5,37.75
1983.448,4.0,35.94,2.5,37.75
1985.538,4.0,36.0,2.44,37.75
1987.624,4.0,35.94,2.38,37.75
1989.714,4.0,35.94,2.38,37.75
1991.799,4.0,36.0,2.38,37.75
1993.887,4.0,36.0,2.38,37.75
1995.976,3.5,36.06,2.38,37.69
1998.051,4.0,36.0,2.38,37.63
2000.132,4.0,36.0,2.38,37.63
2002.212,3.5,36.0,2.38,37.63
2004.309,3.5,36.0,2.44,37.63
2006.393,3.5,36.0,2.5,37.63
2008.491,4.0,36.0,2.5,37.69
2010.594,3.5,36.0,2.5,37.69
2012.635,4.0,36.0,2.5,37.75
2014.739,4.0,36.0,2.5,37.75
2016.825,4.0,36.0,2.5,37.81
2018.917,4.0,36.0,2.5,37.81
2020.997,4.0,36.06,2.5,37.81
2023.071,4.0,36.06,2.44,37.75
2025.152,4.0,36.06,2.44,37.75
2027.254,4.0,36.06,2.38,37.75
2029.361,4.0,36.13,2.31,37.75
2031.433,4.0,36.13,2.25,37.75
2033.528,4.0,36.13,2.25,37.75
2035.604,3.5,36.19,2.19,37.75
2037.676,3.5,36.19,2.19,37.75
2039.756,3.5,36.19,2.19,37.69
2041.837,3.5,36.19,2.19,37.69
2043.919,4.0,36.19,2.19,37.69
2046.009,4.0,36.19,2.13,37.69
2048.099,4.0,36.19,2.19,37.69
2050.208,3.5,36.19,2.25,37.75
2052.257,4.0,36.19,2.25,37.75
2054.349,4.0,36.19,2.25,37.75
2056.429,4.0,36.19,2.25,37.75
2058.541,4.0,36.19,2.25,37.75
2060.617,4.0,36.19,2.31,37.75
2062.704,4.0,36.19,2.38,37.75
2064.793,4.0,36.19,2.31,37.75
2066.884,4.0,36.19,2.31,37.75
2068.95,3.5,36.19,2.25,37.69
2071.053,3.5,36.19,2.31,37.69
2073.105,3.5,36.19,2.31,37.69
2075.209,3.5,36.13,2.31,37.69
2077.291,3.5,36.13,2.31,37.63
2079.369,3.5,36.13,2.31,37.63
2081.449,3.5,36.13,2.38,37.63
2083.553,3.5,36.13,2.31,37.69
2085.63,3.5,36.13,2.31,37.69
2087.729,3.5,36.19,2.25,37.75
2089.821,3.5,36.13,2.31,37.75
2091.874,3.5,36.19,2.31,37.75
2093.97,3.5,36.19,2.38,37.75
2096.073,3.5,36.13,2.38,37.75
2098.132,3.5,36.13,2.38,37.75
2100.221,3.5,36.13,2.38,37.81
2102.32,3.5,36.13,2.38,37.81
2104.407,3.5,36.13,2.44,37.88
2106.506,3.5,36.13,2.5,37.88
2108.583,3.5,36.13,2.56,37.88
2110.647,3.5,36.13,2.56,37.81
2112.727,3.5,36.13,2.56,37.75
2114.83,3.5,36.06,2.69,37.75
2116.935,3.5,36.06,2.69,37.75
2119.009,3.5,36.06,2.69,37.75
2121.076,3.5,36.06,2.63,37.75
2123.157,3.5,36.06,2.63,37.75
2125.274,3.5,36.06,2.69,37.75
2127.35,3.5,36.06,2.69,37.75
2129.422,3.5,36.06,2.69,37.81
2131.493,3.5,36.06,2.75,37.81
2133.609,3.5,36.06,2.81,37.81
2135.679,3.5,36.0,2.75,37.75
2137.775,3.5,36.06,2.81,37.75
2139.851,3.5,36.0,2.81,37.81
2141.953,3.5,36.06,2.81,37.81
2144.041,3.5,36.0,2.75,37.81
2146.119,3.5,36.0,2.81,37.81
2148.192,3.5,36.0,2.81,37.81
2150.283,3.5,36.0,2.75,37.81
2152.356,3.5,36.06,2.81,37.81
2154.468,3.5,36.0,2.81,37.81
2156.552,3.5,36.0,2.81,37.81
2158.636,3.5,36.06,2.81,37.81
2160.72,3.5,36.06,2.81,37.81
2162.801,3.5,36.06,2.81,37.81
2164.882,3.5,36.06,2.81,37.81
2166.933,3.5,36.0,2.88,37.81
2169.019,3.5,36.06,2.88,37.75
2171.101,3.5,36.0,2.88,37.75
2173.197,3.5,36.0,2.88,37.75
2175.296,3.5,36.0,2.88,37.69
2177.387,3.5,36.0,2.81,37.75
2179.46,3.5,36.0,2.81,37.75
2181.542,3.5,36.0,2.81,37.75
2183.626,3.5,36.0,2.88,37.69
2185.708,3.5,36.0,2.88,37.75
2187.795,3.5,36.0,2.94,37.75
2189.879,3.5,36.0,2.94,37.81
2191.993,3.5,36.0,2.94,37.81
2194.071,3.5,36.0,3.0,37.81
2196.153,3.5,36.0,3.0,37.81
2198.213,3.5,36.0,3.0,37.81
2200.321,3.5,36.0,3.0,37.81
2202.393,3.5,36.0,3.0,37.81
2204.488,3.5,36.0,3.0,37.81
2206.578,3.5,36.0,2.94,37.81
2208.646,3.5,36.0,2.88,37.88
2210.749,3.5,36.0,2.81,37.88
2212.824,3.5,36.0,2.75,37.88
2214.908,3.5,36.06,2.75,37.94
2216.973,3.5,36.06,2.75,37.94
2219.066,3.5,36.06,2.81,37.94
2221.15,3.5,36.06,2.81,37.94
2223.26,3.5,36.06,2.81,37.88
2225.357,3.5,36.0,2.81,37.88
2227.425,3.5,36.0,2.88,37.81
2229.502,3.5,36.0,2.88,37.81
2231.596,3.5,36.0,2.81,37.81
2233.692,3.5,36.0,2.81,37.88
2235.787,3.5,36.0,2.81,37.88
2237.835,3.5,35.94,2.81,37.88
2239.946,3.5,35.94,2.81,37.88
2241.999,3.5,35.94,2.75,37.88
2244.109,3.5,35.94,2.75,37.94
2246.196,3.5,35.94,2.75,37.94
2248.278,3.5,35.94,2.81,37.94
2250.34,3.5,35.94,2.81,37.88
2252.42,3.5,35.94,2.88,37.88
2254.53,3.5,35.94,2.81,37.88
2256.59,3.5,36.0,2.88,37.88
2258.685,3.5,35.94,2.88,37.88
2260.764,3.5,35.94,2.88,37.88
2262.877,3.5,35.94,2.88,37.81
2264.974,3.5,35.94,2.88,37.75
2267.022,3.5,35.88,2.88,37.75
2269.103,3.5,35.88,2.88,37.81
2271.215,3.5,35.94,2.81,37.75
2273.29,3.5,35.88,2.81,37.75
2275.374,3.5,35.94,2.75,37.75
2277.443,3.5,35.94,2.69,37.75
2279.535,3.5,35.94,2.69,37.75
2281.629,3.5,35.94,2.69,37.75
2283.709,3.5,35.94,2.69,37.75
2285.807,3.5,35.94,2.69,37.75
2287.869,3.5,35.94,2.69,37.75
2289.981,3.5,35.94,2.69,37.75
2292.046,3.5,35.94,2.75,37.81
2294.156,3.5,35.94,2.81,37.81
2296.25,3.5,35.94,2.81,37.75
2298.307,3.5,35.94,2.75,37.81
2300.391,3.5,35.94,2.69,37.81
2302.488,3.5,36.0,2.63,37.81
2304.577,3.5,36.0,2.63,37.81
2306.653,3.5,36.0,2.63,37.75
2308.719,3.5,36.0,2.63,37.75
2310.83,3.5,36.0,2.56,37.75
2312.897,3.5,36.0,2.5,37.75
2315.007,3.5,36.0,2.5,37.75
2317.063,3.5,36.0,2.5,37.75
2319.173,3.5,36.0,2.5,37.69
2321.271,3.5,36.0,2.56,37.69
2323.318,3.5,36.0,2.56,37.63
2325.432,3.5,36.0,2.56,37.69
2327.524,3.5,36.06,2.56,37.69
2329.572,3.5,36.06,2.56,37.75
2331.665,3.5,36.06,2.56,37.75
2333.76,3.5,36.06,2.5,37.75
2335.871,3.5,36.06,2.5,37.81
2337.951,3.5,36.06,2.56,37.81
2340.028,3.5,36.06,2.56,37.88
2342.098,3.5,36.06,2.5,37.88
2344.195,3.5,36.13,2.5,37.88
2346.288,3.5,36.13,2.5,37.88
2348.369,3.5,36.06,2.5,37.88
2350.423,3.5,36.13,2.5,37.88
2352.534,3.5,36.06,2.56,37.88
2354.609,3.5,36.13,2.56,37.88
2356.719,3.5,36.06,2.56,37.88
2358.785,3.5,36.13,2.5,37.88
2360.88,3.5,36.06,2.44,37.88
2362.943,3.5,36.13,2.44,37.88
2365.034,3.5,36.13,2.44,37.88
2367.127,3.5,36.13,2.44,37.81
2369.219,3.5,36.13,2.44,37.81
2371.301,3.5,36.06,2.5,37.81
2373.379,3.5,36.13,2.56,37.81
2375.456,3.5,36.06,2.56,37.81
2377.558,3.5,36.06,2.63,37.81
2379.65,3.5,36.06,2.69,37.81
2381.712,3.5,36.06,2.69,37.81
2383.825,3.5,36.06,2.75,37.88
2385.877,3.5,36.0,2.75,37.88
2387.955,3.5,36.06,2.75,37.88
2390.049,3.5,36.0,2.69,37.88
2392.152,3.5,36.0,2.63,37.88
2394.225,3.5,36.06,2.56,37.88
2396.291,3.5,36.06,2.5,37.88
2398.395,3.5,36.06,2.5,37.88
2400.472,4.0,36.06,2.44,37.88
2402.579,4.0,36.13,2.38,37.88
2404.675,3.5,36.13,2.38,37.88
2406.756,4.0,36.13,2.31,37.88
2408.834,4.0,36.19,2.25,37.88
2410.911,4.0,36.19,2.25,37.88
2413.01,3.5,36.25,2.19,37.88
2415.06,4.0,36.25,2.19,37.81
2417.169,4.0,36.31,2.13,37.81
2419.248,4.0,36.31,2.13,37.81
2421.339,3.5,36.31,2.13,37.81
2423.403,4.0,36.25,2.13,37.81
2425.517,4.0,36.31,2.13,37.81
2427.573,4.0,36.25,2.13,37.81
2429.653,4.0,36.25,2.13,37.88
2431.765,4.0,36.25,2.19,37.81
2433.831,4.0,36.25,2.19,37.81
2435.922,4.0,36.25,2.25,37.81
2438.036,4.0,36.19,2.31,37.81
2440.087,4.0,36.19,2.44,37.81
2442.212,4.0,36.19,2.5,37.81
2444.271,4.0,36.19,2.56,37.81
2446.366,4.0,36.13,2.56,37.81
2448.428,4.0,36.13,2.63,37.75
2450.539,4.0,36.13,2.69,37.75
2452.612,4.0,36.13,2.75,37.75
2454.709,4.0,36.13,2.75,37.75
2456.789,4.0,36.13,2.75,37.81
2458.868,4.5,36.13,2.69,37.81
2460.935,4.5,36.13,2.69,37.81
2463.032,4.5,36.19,2.69,37.88
2465.141,4.5,36.19,2.63,37.81
2467.207,4.5,36.19,2.63,37.88
2469.282,4.5,36.19,2.63,37.88
2471.387,4.5,36.19,2.56,37.88
2473.484,4.5,36.25,2.56,37.88
2475.564,5.0,36.25,2.5,37.94
2477.638,5.0,36.25,2.56,37.94
2479.725,5.0,36.25,2.5,37.94
2481.81,5.0,36.31,2.5,37.88
2483.9,5.0,36.31,2.56,37.88
2485.973,5.0,36.31,2.56,37.88
2488.074,5.0,36.25,2.56,37.88
2490.15,5.0,36.31,2.56,37.94
2492.214,5.0,36.31,2.5,37.94
2494.321,5.0,36.31,2.5,37.94
2496.383,5.5,36.31,2.5,38.0
2498.479,5.5,36.31,2.5,38.0
2500.558,5.5,36.31,2.44,38.0
2502.664,5.5,36.31,2.38,38.0
2504.726,5.5,36.38,2.44,38.0
2506.809,5.5,36.31,2.44,38.0
2508.904,5.5,36.31,2.44,38.0
2511.013,5.5,36.31,2.5,37.94
2513.093,5.5,36.31,2.5,37.94
2515.177,5.5,36.31,2.56,37.88
2517.241,5.0,36.31,2.63,37.88
2519.334,5.0,36.31,2.63,37.88
2521.438,5.0,36.31,2.63,37.88
2523.488,5.0,36.31,2.63,37.81
2525.576,5.0,36.31,2.63,37.81
2527.674,5.0,36.25,2.63,37.81
2529.782,5.0,36.25,2.69,37.81
2531.864,5.0,36.25,2.69,37.81
2533.911,5.0,36.25,2.75,37.81
2536.026,5.0,36.25,2.75,37.81
2538.088,5.0,36.25,2.81,37.81
2540.172,5.0,36.25,2.75,37.81
2542.278,5.0,36.25,2.75,37.88
2544.367,5.0,36.31,2.69,37.94
2546.465,5.0,36.31,2.63,37.88
2548.507,5.0,36.25,2.63,37.94
2550.601,5.0,36.31,2.56,37.94
2552.713,4.5,36.31,2.5,37.94
2554.763,4.5,36.31,2.44,38.0
2556.858,4.5,36.38,2.38,38.06
2558.97,4.5,36.38,2.25,38.06
2561.043,4.5,36.38,2.25,38.0
2563.132,4.5,36.38,2.19,38.0
2565.227,4.5,36.38,2.13,37.94
2567.304,4.5,36.44,2.13,37.94
2569.386,4.5,36.44,2.13,37.88
2571.456,4.5,36.38,2.13,37.88
2573.551,4.5,36.44,2.19,37.81
2575.657,4.5,36.38,2.19,37.81
2577.723,4.5,36.31,2.25,37.88
2579.818,4.5,36.38,2.31,37.88
2581.897,4.5,36.38,2.31,37.88
2583.96,4.5,36.31,2.38,37.81
2586.076,4.0,36.31,2.38,37.81
2588.137,4.0,36.31,2.38,37.88
2590.237,4.0,36.31,2.38,37.88
2592.33,4.0,36.31,2.38,37.88
2594.418,4.0,36.25,2.38,37.94
2596.468,4.0,36.25,2.31,37.88
2598.559,4.0,36.25,2.31,37.94
2600.651,4.0,36.31,2.25,37.94
2602.747,4.0,36.31,2.31,37.94
2604.843,4.0,36.25,2.38,37.94
2606.905,4.0,36.25,2.44,37.94
2608.989,4.0,36.25,2.5,37.94
2611.075,4.0,36.25,2.56,37.88
2613.188,4.0,36.25,2.63,37.88
2615.254,4.0,36.25,2.63,37.88
2617.349,4.0,36.19,2.63,37.88
2619.424,4.0,36.25,2.63,37.88
2621.521,4.0,36.25,2.69,37.88
2623.594,4.0,36.19,2.69,37.88
2625.694,4.0,36.19,2.69,37.88
2627.771,4.0,36.19,2.69,37.88
2629.867,4.0,36.13,2.69,37.88
2631.916,4.0,36.19,2.75,37.88
2633.997,4.0,36.13,2.75,37.88
2636.091,4.0,36.13,2.69,37.88
2638.205,4.0,36.13,2.69,37.88
2640.254,4.0,36.13,2.63,37.88
2642.365,4.0,36.13,2.56,37.88
2644.419,4.0,36.13,2.56,37.88
2646.532,4.0,36.06,2.56,37.88
2648.59,4.0,36.06,2.5,37.81
2650.717,4.0,36.06,2.5,37.81
2652.78,4.0,36.0,2.56,37.81
2654.862,4.0,36.0,2.56,37.75
2656.965,4.0,35.94,2.56,37.75
2659.034,4.0,35.94,2.56,37.75
2661.144,4.0,35.88,2.56,37.75
2663.2,4.0,35.88,2.56,37.81
2665.283,4.0,35.88,2.56,37.81
2667.372,4.0,35.88,2.56,37.81
2669.461,4.0,35.81,2.56,37.75
2671.541,4.0,35.81,2.63,37.75
2673.645,4.0,35.81,2.63,37.75
2675.725,4.0,35.81,2.63,37.75
2677.824,4.0,35.75,2.63,37.69
2679.883,4.0,35.75,2.63,37.75
2681.984,4.0,35.81,2.63,37.75
2684.065,4.0,35.75,2.63,37.75
2686.143,4.0,35.75,2.63,37.69
2688.219,4.0,35.81,2.56,37.69
2690.318,4.0,35.81,2.63,37.75
2692.389,4.0,35.81,2.63,37.75
2694.485,4.0,35.81,2.69,37.75
2696.55,4.0,35.81,2.69,37.75
2698.655,4.0,35.81,2.75,37.69
2700.75,4.0,35.81,2.75,37.69
2702.815,4.0,35.81,2.81,37.69
2704.913,4.0,35.81,2.75,37.63
2707.009,4.0,35.81,2.69,37.63
2709.072,4.0,35.81,2.63,37.63
2711.167,4.0,35.88,2.56,37.69
2713.266,4.0,35.88,2.56,37.69
2715.361,4.0,35.88,2.56,37.69
2717.445,4.0,35.88,2.56,37.69
2719.527,4.0,35.88,2.56,37.69
2721.575,4.0,35.88,2.56,37.63
2723.678,4.0,35.94,2.56,37.69
2725.747,4.0,35.94,2.5,37.63
2727.857,4.0,35.94,2.5,37.63
2729.947,4.0,35.94,2.44,37.63
2732.005,4.0,35.94,2.44,37.63
2734.114,4.0,35.94,2.44,37.56
2736.174,4.0,35.94,2.5,37.56
2738.274,4.0,36.0,2.56,37.5
2740.365,4.0,35.94,2.56,37.5
2742.471,4.0,35.94,2.56,37.5
2744.519,4.0,35.94,2.56,37.44
2746.625,4.0,35.94,2.63,37.44
2748.691,4.0,36.0,2.56,37.44
2750.787,4.0,36.0,2.56,37.44
2752.882,4.0,36.0,2.5,37.5
2754.944,4.0,36.0,2.44,37.56
2757.041,4.0,36.0,2.44,37.56
2759.139,4.0,36.0,2.38,37.56
2761.189,4.0,36.06,2.38,37.56
2763.279,4.0,36.06,2.38,37.63
2765.368,4.0,36.06,2.31,37.63
2767.465,4.0,36.06,2.31,37.63
2769.559,4.0,36.06,2.31,37.63
2771.651,4.0,36.06,2.31,37.63
2773.736,4.0,36.13,2.31,37.63
2775.796,4.0,36.06,2.31,37.63
2777.895,4.0,36.13,2.31,37.63
2779.992,4.0,36.13,2.31,37.63
2782.042,4.0,36.13,2.44,37.63
2784.151,4.0,36.13,2.5,37.56
2786.251,4.0,36.13,2.56,37.63
2788.309,4.0,36.13,2.63,37.63
2790.408,4.0,36.06,2.69,37.63
2792.505,4.0,36.13,2.75,37.63
2794.578,4.0,36.06,2.75,37.63
2796.658,4.0,36.06,2.75,37.63
2798.764,4.0,36.06,2.75,37.63
2800.851,4.0,36.06,2.81,37.69
2802.899,4.0,36.0,2.88,37.63
2805.014,4.0,36.0,2.88,37.63
2807.092,4.0,36.0,2.94,37.63
2809.158,4.0,36.0,2.88,37.69
2811.254,4.0,36.0,2.88,37.75
2813.331,4.0,35.94,2.88,37.75
2815.445,4.0,36.0,2.81,37.75
2817.53,4.0,35.94,2.75,37.75
2819.581,4.0,35.94,2.69,37.75
2821.684,4.0,35.94,2.69,37.75
2823.747,4.0,35.88,2.75,37.75
2825.86,4.0,35.88,2.81,37.75
2827.957,4.0,35.81,2.88,37.75
2830.02,4.0,35.81,2.94,37.75
2832.115,4.0,35.75,3.0,37.75
2834.205,4.0,35.75,3.0,37.81
2836.27,4.0,35.69,2.94,37.75
2838.353,4.0,35.69,2.94,37.81
2840.46,4.0,35.63,2.94,37.75
2842.555,4.0,35.63,2.88,37.75
2844.614,4.0,35.63,2.88,37.69
2846.694,4.0,35.56,2.81,37.69
2848.776,4.0,35.56,2.81,37.69
2850.882,4.0,35.56,2.75,37.63
2852.963,4.0,35.5,2.69,37.63
2855.062,4.0,35.5,2.69,37.63
2857.149,4.0,35.44,2.69,37.63
2859.208,3.5,35.44,2.69,37.63
2861.316,4.0,35.38,2.69,37.63
2863.369,4.0,35.38,2.69,37.56
2865.459,3.5,35.31,2.75,37.56
2867.55,3.5,35.25,2.75,37.5
2869.655,3.5,35.25,2.75,37.44
2871.718,3.5,35.19,2.75,37.44
2873.797,3.5,35.13,2.69,37.38
2875.878,3.5,35.13,2.69,37.38
2877.99,3.5,35.06,2.69,37.31
2880.086,3.5,35.0,2.69,37.31
2882.139,3.5,35.0,2.69,37.31
2884.248,3.5,34.94,2.69,37.31
2886.345,3.5,34.88,2.69,37.31
2888.429,3.5,34.88,2.69,37.31
2890.509,3.5,34.81,2.69,37.25
2892.571,3.5,34.75,2.75,37.25
2894.647,3.5,34.75,2.81,37.25
2896.744,3.5,34.75,2.81,37.31
2898.839,3.5,34.69,2.88,37.38
2900.904,3.5,34.69,2.81,37.38
2903.014,3.5,34.69,2.75,37.38
2905.073,3.5,34.69,2.69,37.38
2907.168,3.5,34.69,2.69,37.44
2909.258,3.5,34.75,2.63,37.38
2911.359,3.5,34.69,2.56,37.38
2913.453,3.5,34.75,2.56,37.38
2915.534,3.5,34.75,2.56,37.38
2917.624,3.5,34.75,2.56,37.31
2919.672,3.5,34.81,2.56,37.31
2921.766,3.5,34.81,2.63,37.25
2923.846,3.5,34.81,2.63,37.19
2925.927,3.5,34.81,2.69,37.19
2928.026,3.5,34.88,2.75,37.13
2930.121,3.5,34.88,2.81,37.19
2932.217,3.5,34.88,2.88,37.13
2934.277,3.5,34.94,2.88,37.19
2936.359,4.0,34.94,2.88,37.19
2938.446,4.0,35.0,2.81,37.25
2940.544,4.0,35.0,2.75,37.25
2942.647,4.0,35.06,2.69,37.31
2944.7,4.0,35.06,2.63,37.31
2946.804,4.0,35.13,2.63,37.31
2948.904,4.0,35.19,2.69,37.31
2950.958,4.0,35.25,2.69,37.38
2953.063,4.0,35.25,2.69,37.38
2955.153,4.0,35.31,2.69,37.38
2957.214,4.5,35.31,2.63,37.44
2959.294,4.5,35.38,2.63,37.44
2961.392,4.5,35.38,2.56,37.5
2963.457,4.5,35.44,2.63,37.5
2965.548,4.5,35.44,2.63,37.5
2967.643,4.5,35.44,2.69,37.5
2969.755,4.5,35.5,2.63,37.5
2971.802,5.0,35.56,2.63,37.56
2973.899,5.0,35.56,2.56,37.56
2976.009,5.0,35.63,2.56,37.56
2978.061,5.0,35.63,2.5,37.63
2980.156,5.0,35.69,2.44,37.63
2982.255,5.0,35.69,2.44,37.63
2984.315,5.5,35.75,2.38,37.63
2986.418,5.5,35.75,2.44,37.63
2988.528,5.5,35.81,2.44,37.63
2990.571,5.5,35.81,2.5,37.63
2992.666,5.5,35.81,2.44,37.63
2994.778,5.5,35.88,2.44,37.63
2996.839,6.0,35.88,2.44,37.63
2998.941,6.0,35.88,2.44,37.63
3001.037,6.0,35.94,2.5,37.69
3003.099,6.0,35.94,2.5,37.69
3005.209,6.0,35.94,2.5,37.69
3007.294,6.0,36.0,2.5,37.69
3009.347,6.0,36.0,2.44,37.69
3011.427,6.0,36.06,2.44,37.69
3013.507,6.0,36.06,2.44,37.75
3015.628,6.0,36.06,2.44,37.81
3017.711,6.0,36.06,2.38,37.81
3019.805,6.0,36.13,2.38,37.81
3021.852,6.0,36.19,2.31,37.81
3023.966,6.0,36.19,2.31,37.81
3026.051,6.0,36.19,2.31,37.81
3028.11,6.0,36.19,2.31,37.81
3030.206,6.0,36.25,2.25,37.81
3032.271,6.0,36.25,2.25,37.81
3034.381,6.0,36.25,2.31,37.81
3036.452,6.0,36.25,2.38,37.81
3038.547,6.0,36.25,2.38,37.81
3040.654,6.0,36.25,2.44,37.81
3042.701,5.5,36.25,2.44,37.81
3044.813,6.0,36.25,2.5,37.81
3046.877,5.5,36.31,2.5,37.88
3048.989,5.5,36.31,2.5,37.88
3051.056,5.5,36.31,2.56,37.88
3053.167,5.5,36.31,2.56,37.88
3055.231,5.5,36.31,2.56,37.88
3057.296,5.5,36.38,2.56,37.94
3059.388,5.5,36.38,2.56,37.94
3061.51,5.5,36.38,2.63,37.94
3063.556,5.5,36.38,2.63,37.94
3065.641,5.5,36.38,2.63,37.94
3067.736,6.0,36.38,2.63,37.94
3069.84,6.0,36.38,2.69,37.94
3071.904,6.0,36.38,2.75,37.88
3073.989,6.0,36.38,2.75,37.88
3076.101,6.0,36.38,2.81,37.81
3078.155,6.0,36.38,2.88,37.81
3080.241,6.0,36.38,2.94,37.75
3082.341,6.0,36.38,3.0,37.75
3084.436,6.0,36.44,3.06,37.81
3086.487,6.0,36.38,3.06,37.81
3088.576,6.0,36.38,3.13,37.81
3090.688,6.5,36.38,3.13,37.81
3092.767,6.5,36.44,3.19,37.88
3094.863,6.5,36.44,3.19,37.88
3096.94,6.5,36.44,3.25,37.88
3099.006,6.5,36.44,3.38,37.88
3101.12,6.5,36.44,3.44,37.88
3103.194,6.5,36.44,3.56,37.88
3105.266,7.0,36.44,3.63,37.88
3107.363,7.0,36.44,3.69,37.88
3109.446,7.0,36.44,3.75,37.88
3111.545,7.0,36.44,3.75,37.88
3113.594,7.0,36.44,3.88,37.88
3115.681,7.0,36.44,3.88,37.88
3117.778,7.5,36.38,3.94,37.88
3119.874,7.5,36.38,3.94,37.88
3121.937,7.5,36.44,4.0,37.88
3124.056,7.5,36.38,4.06,37.88
3126.12,7.5,36.38,4.06,37.88
3128.2,8.0,36.38,4.0,37.88
3130.297,8.0,36.38,4.0,37.88
3132.36,8.0,36.44,4.0,37.94
3134.454,8.0,36.44,3.94,37.94
3136.535,8.0,36.44,3.94,37.88
3138.64,8.5,36.44,3.94,37.88
3140.721,8.5,36.44,3.94,37.88
3142.786,8.5,36.44,3.94,37.81
3144.879,8.5,36.44,3.88,37.88
3146.953,8.5,36.44,3.88,37.81
3149.04,9.0,36.44,3.81,37.81
3151.155,9.0,36.44,3.75,37.81
3153.216,9.0,36.5,3.75,37.81
3155.326,9.0,36.5,3.75,37.75
3157.379,9.0,36.5,3.69,37.75
3159.465,9.0,36.5,3.63,37.75
3161.547,9.0,36.5,3.56,37.81
3163.634,9.0,36.56,3.5,37.81
3165.744,9.0,36.5,3.5,37.81
3167.795,9.0,36.5,3.5,37.75
3169.891,9.0,36.5,3.5,37.69
3172.005,8.5,36.5,3.56,37.63
3174.07,8.5,36.5,3.56,37.63
3176.146,8.5,36.5,3.56,37.63
3178.254,8.5,36.5,3.56,37.56
3180.35,8.5,36.5,3.56,37.56
3182.401,8.5,36.5,3.56,37.56
3184.48,8.5,36.44,3.56,37.56
3186.577,8.0,36.44,3.63,37.56
3188.675,8.0,36.44,3.56,37.56
3190.739,8.0,36.44,3.56,37.63
3192.82,8.0,36.44,3.5,37.63
3194.903,7.5,36.44,3.5,37.75
3196.998,7.5,36.44,3.5,37.75
3199.09,7.5,36.44,3.44,37.81
3201.186,7.5,36.44,3.38,37.81
3203.284,7.5,36.44,3.31,37.81
3205.337,7.0,36.44,3.31,37.81
3207.417,7.0,36.44,3.25,37.75
3209.534,7.0,36.5,3.25,37.81
3211.619,7.0,36.44,3.19,37.81
3213.684,7.0,36.44,3.19,37.81
3215.754,6.5,36.44,3.19,37.75
3217.859,6.5,36.44,3.19,37.75
3219.955,6.5,36.44,3.19,37.75
3222.017,6.5,36.44,3.19,37.75
3224.097,6.5,36.38,3.25,37.75
3226.194,6.5,36.38,3.25,37.75
3228.305,6.0,36.38,3.25,37.75
3230.355,6.0,36.38,3.19,37.81
3232.475,6.0,36.38,3.19,37.81
3234.522,6.0,36.38,3.19,37.81
3236.645,6.0,36.44,3.13,37.81
3238.694,6.0,36.44,3.13,37.88
3240.772,6.0,36.44,3.13,37.88
3242.854,6.0,36.44,3.06,37.88
3244.974,6.0,36.5,3.06,37.88
3247.029,6.0,36.44,3.06,37.88
3249.136,6.0,36.5,3.06,37.94
3251.217,6.0,36.5,3.0,37.94
3253.325,6.0,36.5,3.06,37.94
3255.372,6.0,36.5,3.06,37.94
3257.454,6.0,36.5,3.06,37.94
3259.556,6.0,36.5,3.13,37.94
3261.655,6.0,36.5,3.19,37.94
3263.719,6.5,36.5,3.19,38.0
3265.799,6.5,36.5,3.19,38.0
3267.894,6.5,36.5,3.19,38.0
3269.977,6.5,36.5,3.19,38.0
3272.083,6.5,36.5,3.19,38.0
3274.169,6.5,36.5,3.19,38.0
3276.234,6.5,36.5,3.19,38.0
3278.324,6.5,36.5,3.13,38.0
3280.414,6.5,36.5,3.13,38.0
3282.509,7.0,36.5,3.13,38.06
3284.557,7.0,36.5,3.13,38.06
3286.677,7.0,36.5,3.13,38.06
3288.744,7.0,36.5,3.13,38.06
3290.84,7.0,36.5,3.13,38.06
3292.93,7.0,36.5,3.06,38.06
3294.985,7.0,36.5,3.06,38.13
3297.079,7.0,36.56,3.0,38.06
3299.179,7.0,36.5,3.0,38.06
3301.251,7.0,36.5,3.0,38.06
3303.358,7.0,36.5,3.06,38.0
3305.422,7.0,36.5,3.06,38.0
3307.502,7.0,36.5,3.13,38.0
3309.591,6.5,36.44,3.19,38.0
3311.661,6.5,36.44,3.25,38.06
3313.766,6.5,36.44,3.25,38.0
3315.862,6.5,36.44,3.19,38.0
3317.943,6.5,36.44,3.25,38.0
3320.004,6.5,36.44,3.25,38.06
3322.105,6.5,36.44,3.19,38.0
3324.168,6.5,36.44,3.19,38.0
3326.294,6.5,36.44,3.13,38.0
3328.343,6.0,36.44,3.13,37.94
3330.463,6.0,36.44,3.13,37.94
3332.513,6.0,36.38,3.13,37.94
3334.602,6.0,36.38,3.13,37.94
3336.699,6.0,36.38,3.06,37.94
3338.776,6.0,36.38,3.06,37.94
3340.857,6.0,36.38,3.06,37.94
3342.967,6.0,36.38,3.06,37.94
3345.054,6.0,36.38,3.13,37.94
3347.146,6.0,36.31,3.19,37.88
3349.228,6.0,36.31,3.25,37.88
3351.31,6.0,36.31,3.31,37.81
3353.37,5.5,36.31,3.38,37.81
3355.456,5.5,36.25,3.44,37.81
3357.569,5.5,36.25,3.5,37.81
3359.658,5.5,36.25,3.44,37.81
3361.705,5.5,36.19,3.44,37.88
3363.794,5.5,36.25,3.44,37.81
3365.905,5.5,36.19,3.44,37.81
3367.988,5.5,36.19,3.44,37.88
3370.067,5.5,36.13,3.44,37.94
3372.132,5.5,36.13,3.44,37.94
3374.224,5.5,36.06,3.38,38.0
3376.318,5.5,36.06,3.38,37.94
3378.401,5.5,36.06,3.38,37.94
3380.498,5.5,36.0,3.38,37.88
3382.572,5.0,36.0,3.38,37.81
3384.667,5.0,36.0,3.38,37.81
3386.732,5.0,36.0,3.31,37.81
3388.809,5.0,35.94,3.31,37.81
3390.905,5.0,35.94,3.25,37.75
3393.0,5.0,35.94,3.19,37.75
3395.085,5.0,35.88,3.13,37.75
3397.159,5.0,35.88,3.13,37.81
3399.254,5.0,35.81,3.06,37.75
3401.342,5.0,35.81,3.06,37.81
3403.41,5.0,35.75,3.0,37.81
3405.521,5.0,35.75,3.06,37.81
3407.596,5.0,35.69,3.06,37.88
3409.66,5.0,35.69,3.06,37.81
3411.754,5.0,35.63,3.06,37.81
3413.853,5.0,35.56,3.0,37.81
3415.95,5.0,35.56,2.94,37.75
3417.997,5.0,35.5,2.94,37.75
3420.094,5.0,35.44,2.88,37.69
3422.189,5.0,35.44,2.88,37.69
3424.287,5.0,35.38,2.88,37.69
3426.341,5.0,35.31,2.88,37.69
3428.435,5.0,35.25,3.0,37.63
3430.514,5.0,35.19,3.0,37.69
3432.605,5.0,35.19,3.06,37.63
3434.7,5.0,35.13,3.13,37.56
3436.795,5.0,35.06,3.19,37.56
3438.876,5.0,35.06,3.25,37.5
3440.954,4.5,35.0,3.25,37.5
3443.055,4.5,34.94,3.31,37.44
3445.134,4.5,34.94,3.31,37.38
3447.229,4.5,34.88,3.31,37.38
3449.3,4.5,34.88,3.38,37.31
3451.381,4.5,34.81,3.38,37.31
3453.459,4.5,34.81,3.38,37.31
3455.572,4.5,34.75,3.38,37.31
3457.662,4.5,34.75,3.38,37.38
3459.726,4.5,34.69,3.38,37.38
3461.824,4.5,34.69,3.38,37.38
3463.886,4.5,34.63,3.38,37.44
3465.999,4.5,34.63,3.38,37.44
3468.061,4.5,34.56,3.38,37.38
3470.16,4.5,34.56,3.44,37.38
3472.259,4.5,34.5,3.5,37.38
3474.324,4.5,34.5,3.5,37.38
3476.394,4.5,34.44,3.56,37.31
3478.487,4.5,34.38,3.5,37.31
3480.556,4.5,34.38,3.56,37.25
3482.672,4.5,34.31,3.56,37.19
3484.762,4.5,34.31,3.56,37.19
3486.834,4.5,34.25,3.63,37.13
3488.927,4.5,34.19,3.63,37.19
3491.006,4.5,34.19,3.56,37.19
3493.106,4.5,34.13,3.56,37.19
3495.181,4.5,34.13,3.5,37.25
3497.252,4.5,34.06,3.44,37.25
3499.362,4.5,34.06,3.38,37.25
3501.421,4.5,34.0,3.31,37.25
3503.495,4.5,34.0,3.31,37.25
3505.599,4.5,33.94,3.31,37.25
3507.696,4.5,33.94,3.25,37.19
3509.759,4.5,33.88,3.25,37.13
3511.856,4.5,33.81,3.31,37.06
3513.955,4.5,33.75,3.31,37.0
3516.014,4.5,33.75,3.31,37.0
3518.095,4.5,33.69,3.38,36.94
3520.19,4.5,33.63,3.38,36.94
3522.272,4.5,33.56,3.38,36.88
3524.376,4.5,33.56,3.31,36.88
3526.454,4.5,33.5,3.31,36.81
3528.552,4.5,33.44,3.31,36.81
3530.639,4.5,33.38,3.25,36.75
3532.706,4.5,33.38,3.19,36.75
3534.795,4.5,33.31,3.19,36.75
3536.896,4.5,33.25,3.13,36.69
3538.95,4.5,33.25,3.06,36.63
3541.077,4.5,33.19,3.06,36.63
3543.126,4.5,33.13,3.0,36.56
3545.216,4.5,33.06,3.06,36.5
3547.292,4.5,33.0,3.0,36.5
3549.418,4.5,33.0,2.94,36.5
3551.482,4.5,32.94,2.94,36.5
3553.547,4.5,32.88,2.94,36.44
3555.65,4.5,32.81,2.94,36.44
3557.746,4.5,32.81,2.94,36.38
3559.826,4.0,32.69,2.88,36.31
3561.899,4.5,32.69,2.88,36.31
3564.002,4.0,32.63,2.81,36.31
3566.065,4.0,32.56,2.75,36.31
3568.176,4.0,32.56,2.69,36.38
3570.239,4.0,32.5,2.63,36.38
3572.337,4.0,32.44,2.63,36.44
3574.444,4.0,32.38,2.56,36.44
3576.491,4.0,32.31,2.5,36.5
3578.613,4.0,32.31,2.5,36.5
3580.677,4.0,32.25,2.5,36.56
3582.774,4.0,32.19,2.44,36.56
3584.853,4.0,32.13,2.44,36.63
3586.954,4.0,32.06,2.38,36.63
3589.044,4.0,32.06,2.31,36.69
3591.114,4.0,32.0,2.25,36.69
3593.18,4.0,31.94,2.25,36.63
3595.307,4.0,31.94,2.25,36.63
3597.387,4.0,31.81,2.19,36.63
3599.435,4.0,31.81,2.19,36.63
3601.529,4.0,31.75,2.19,36.63
3603.635,4.0,31.69,2.19,36.63
3605.722,4.0,31.69,2.25,36.63
3607.781,4.0,31.62,2.25,36.63
3609.875,4.0,31.62,2.25,36.63
3611.974,4.0,31.62,2.31,36.69
3614.053,4.0,31.56,2.31,36.69
3616.146,4.0,31.62,2.38,36.69
3618.22,4.0,31.62,2.38,36.69
3620.337,4.0,31.69,2.44,36.75
3622.379,4.0,31.75,2.44,36.75
3624.49,4.0,31.81,2.44,36.81
3626.579,4.0,31.87,2.56,36.81
3628.646,4.0,31.94,2.56,36.81
3630.757,4.0,32.0,2.63,36.88
3632.838,4.0,32.13,2.63,36.88
3634.935,4.0,32.25,2.63,36.88
3636.996,4.0,32.31,2.69,36.88
3639.069,4.0,32.44,2.69,36.88
3641.175,4.0,32.56,2.75,36.81
3643.236,4.0,32.63,2.75,36.88
3645.349,4.0,32.75,2.81,36.88
3647.419,4.5,32.81,2.81,36.81
3649.499,4.5,32.94,2.81,36.88
3651.587,4.5,33.06,2.75,36.88
3653.703,4.5,33.19,2.75,36.88
3655.766,4.5,33.25,2.81,36.88
3657.869,4.5,33.38,2.81,36.88
3659.943,4.5,33.44,2.81,36.94
3662.051,4.5,33.56,2.88,36.94
3664.124,5.0,33.63,2.88,36.94
3666.219,5.0,33.75,2.88,36.94
3668.267,5.0,33.81,2.81,37.0
3670.364,5.0,33.94,2.81,37.06
3672.46,5.0,34.0,2.75,37.13
3674.554,5.0,34.06,2.69,37.13
3676.631,5.0,34.19,2.69,37.19
3678.71,5.5,34.25,2.75,37.19
3680.806,5.5,34.38,2.75,37.19
3682.888,5.5,34.44,2.75,37.19
3684.984,5.5,34.5,2.69,37.19
3687.08,5.5,34.56,2.75,37.25
3689.155,5.5,34.63,2.81,37.25
3691.211,6.0,34.69,2.81,37.25
3693.321,6.0,34.75,2.81,37.25
3695.406,6.0,34.81,2.81,37.31
3697.502,6.0,34.94,2.81,37.31
3699.577,6.0,34.94,2.81,37.31
3701.656,6.5,35.06,2.81,37.38
3703.754,6.5,35.13,2.75,37.38
3705.815,6.5,35.19,2.75,37.38
3707.899,6.5,35.25,2.75,37.38
3709.984,6.5,35.31,2.69,37.44
3712.077,7.0,35.38,2.69,37.44
3714.141,7.0,35.44,2.69,37.44
3716.266,7.0,35.5,2.69,37.44
3718.324,7.0,35.5,2.75,37.5
3720.416,7.0,35.56,2.75,37.44
3722.513,7.5,35.63,2.81,37.44
3724.599,7.5,35.63,2.88,37.44
3726.664,7.5,35.69,2.88,37.44
3728.762,7.5,35.75,2.88,37.5
3730.824,7.5,35.75,2.88,37.5
3732.936,8.0,35.81,2.88,37.56
3735.021,8.0,35.81,2.81,37.56
3737.083,8.0,35.88,2.81,37.56
3739.18,8.0,35.88,2.81,37.56
3741.277,8.5,35.94,2.81,37.56
3743.364,8.5,36.0,2.88,37.56
3745.456,8.5,36.0,2.81,37.63
3747.52,8.5,36.06,2.81,37.63
3749.625,8.5,36.06,2.81,37.63
3751.719,9.0,36.13,2.81,37.63
3753.77,9.0,36.13,2.81,37.63
3755.867,9.0,36.19,2.81,37.63
3757.929,9.0,36.19,2.81,37.69
3760.025,9.0,36.19,2.88,37.69
3762.11,9.5,36.25,2.88,37.69
3764.189,9.5,36.31,2.94,37.69
3766.282,9.5,36.31,3.0,37.69
3768.37,9.5,36.31,3.13,37.69
3770.482,10.0,36.31,3.19,37.69
3772.546,10.0,36.31,3.25,37.69
3774.614,10.0,36.31,3.31,37.69
3776.716,10.0,36.31,3.44,37.69
3778.783,10.0,36.38,3.5,37.75
3780.874,10.0,36.38,3.56,37.81
3782.957,10.5,36.38,3.69,37.75
3785.05,10.5,36.38,3.69,37.81
3787.123,10.5,36.44,3.75,37.81
3789.229,10.5,36.44,3.75,37.81
3791.325,11.0,36.44,3.75,37.81
3793.394,11.0,36.44,3.81,37.88
3795.487,11.0,36.44,3.81,37.81
3797.539,11.0,36.5,3.88,37.88
3799.628,11.0,36.5,3.94,37.81
3801.741,11.5,36.5,4.0,37.81
3803.837,11.5,36.56,4.0,37.88
3805.916,11.5,36.5,4.0,37.81
3807.98,11.5,36.56,3.94,37.88
3810.057,11.5,36.56,3.94,37.88
3812.153,12.0,36.56,3.94,37.88
3814.22,12.0,36.63,3.94,37.81
3816.314,12.0,36.56,3.88,37.75
3818.394,12.0,36.63,3.88,37.75
3820.515,12.0,36.56,3.94,37.75
3822.588,12.0,36.56,3.88,37.75
3824.654,12.5,36.56,3.88,37.81
3826.739,12.5,36.56,3.94,37.81
3828.816,12.5,36.56,3.94,37.81
3830.915,12.5,36.56,3.94,37.81
3833.012,12.5,36.56,4.0,37.81
3835.074,12.5,36.56,4.0,37.75
3837.171,13.0,36.56,4.06,37.75
3839.24,13.0,36.56,4.06,37.75
3841.352,13.0,36.56,4.13,37.75
3843.445,13.0,36.56,4.06,37.75
3845.492,13.0,36.5,4.06,37.81
3847.583,12.5,36.5,4.06,37.81
3849.696,12.5,36.5,4.06,37.81
3851.79,12.5,36.5,4.06,37.81
3853.871,12.5,36.5,3.94,37.81
3855.934,12.5,36.5,3.94,37.88
3858.033,12.0,36.5,3.88,37.88
3860.094,12.0,36.5,3.88,37.88
3862.192,12.0,36.5,3.81,37.88
3864.267,11.5,36.5,3.81,37.88
3866.38,11.5,36.5,3.81,37.94
3868.434,11.5,36.5,3.81,37.94
3870.531,11.0,36.44,3.88,37.94
3872.622,11.0,36.44,3.81,37.94
3874.687,10.5,36.44,3.81,37.94
3876.767,10.5,36.44,3.81,38.0
3878.879,10.5,36.44,3.81,38.0
3880.944,10.0,36.44,3.75,38.0
3883.039,10.0,36.44,3.69,38.0
3885.141,9.5,36.44,3.63,38.0
3887.217,9.5,36.44,3.63,37.94
3889.304,9.5,36.44,3.56,37.94
3891.397,9.0,36.38,3.56,37.94
3893.446,9.0,36.38,3.5,37.94
3895.543,9.0,36.38,3.44,38.0
3897.629,8.5,36.38,3.44,38.0
3899.736,8.5,36.38,3.31,38.06
3901.824,8.0,36.38,3.25,38.06
3903.875,8.0,36.38,3.25,38.06
3905.954,8.0,36.38,3.19,38.06
3908.061,8.0,36.38,3.19,38.06
3910.161,7.5,36.38,3.19,38.06
3912.224,7.5,36.38,3.25,38.0
3914.321,7.5,36.38,3.25,38.0
3916.408,7.5,36.38,3.25,37.94
3918.472,7.0,36.38,3.25,37.94
3920.568,7.0,36.38,3.19,37.94
3922.642,7.0,36.38,3.19,37.94
3924.738,7.0,36.31,3.13,37.94
3926.846,6.5,36.31,3.06,37.94
3928.897,6.5,36.38,3.06,37.94
3931.009,6.5,36.38,2.94,37.88
3933.087,6.5,36.38,2.94,37.88
3935.153,6.5,36.31,2.88,37.94
3937.264,6.5,36.38,2.81,37.88
3939.344,6.5,36.38,2.81,37.88
3941.424,6.0,36.31,2.88,37.88
3943.483,6.0,36.38,2.94,37.88
3945.583,6.0,36.38,2.94,37.94
3947.665,6.0,36.38,3.0,37.94
3949.762,6.0,36.31,2.94,37.94
3951.859,6.0,36.38,2.94,37.94
3953.922,6.0,36.38,2.88,37.94
3956.003,6.0,36.38,2.88,37.94
3958.084,5.5,36.38,2.88,37.94
3960.188,5.5,36.38,2.81,37.94
3962.287,5.5,36.38,2.81,37.94
3964.335,5.5,36.44,2.75,37.94
3966.426,5.5,36.44,2.75,37.94
3968.52,5.5,36.44,2.75,37.88
