Time, T_A[degC], T_B[degC], T_C[degC], T_D[degC]
0.0,14.0,43.44,13.06,47.06
2.088,14.0,43.44,13.06,47.0
4.169,14.0,43.44,13.13,47.0
6.232,14.0,43.44,13.13,47.0
8.33,14.0,43.44,13.19,47.0
10.419,14.0,43.44,13.19,47.0
12.473,14.0,43.44,13.25,47.0
14.586,14.0,43.44,13.25,47.0
16.659,14.0,43.44,13.25,47.0
18.72,14.0,43.44,13.25,47.0
20.825,14.0,43.44,13.31,47.0
22.918,14.0,43.44,13.31,47.0
24.967,14.0,43.44,13.31,47.0
27.072,14.5,43.44,13.31,47.0
29.154,14.5,43.44,13.38,47.0
31.223,14.5,43.44,13.38,47.0
33.301,14.5,43.44,13.44,47.0
35.404,14.5,43.44,13.44,47.0
37.464,14.5,43.44,13.44,47.0
39.579,14.5,43.44,13.5,47.06
41.623,14.5,43.5,13.5,47.06
43.707,14.5,43.5,13.5,47.06
45.812,14.5,43.5,13.56,47.06
47.902,14.5,43.5,13.56,47.06
49.955,14.5,43.5,13.56,47.13
52.069,14.5,43.56,13.56,47.19
54.137,14.5,43.56,13.63,47.19
56.228,14.5,43.56,13.63,47.19
58.275,14.5,43.56,13.63,47.25
60.362,14.5,43.63,13.63,47.25
62.473,14.5,43.63,13.69,47.31
64.523,15.0,43.63,13.69,47.25
66.611,15.0,43.63,13.69,47.25
68.719,15.0,43.63,13.75,47.25
70.774,15.0,43.63,13.75,47.25
72.869,15.0,43.63,13.81,47.25
74.948,15.0,43.63,13.81,47.31
77.035,15.0,43.63,13.81,47.31
79.126,15.0,43.63,13.88,47.31
81.207,15.0,43.63,13.88,47.31
83.277,15.0,43.63,13.88,47.31
85.357,15.0,43.63,13.94,47.31
87.445,15.0,43.63,13.94,47.31
89.521,15.0,43.63,14.0,47.31
91.604,15.0,43.63,14.0,47.31
93.691,15.0,43.63,14.0,47.31
95.78,15.0,43.63,14.0,47.31
97.839,15.0,43.63,14.06,47.31
99.912,15.0,43.63,14.06,47.31
102.001,15.0,43.69,14.06,47.38
104.096,15.0,43.69,14.13,47.38
106.175,15.0,43.69,14.13,47.38
108.27,15.5,43.69,14.19,47.38
110.317,15.5,43.75,14.19,47.44
112.422,15.5,43.75,14.19,47.44
114.475,15.5,43.75,14.25,47.44
116.597,15.5,43.75,14.31,47.5
118.638,15.5,43.75,14.31,47.5
120.723,15.5,43.75,14.31,47.44
122.832,15.5,43.75,14.38,47.44
124.918,15.5,43.75,14.38,47.44
126.979,15.5,43.75,14.44,47.38
129.075,15.5,43.75,14.44,47.38
131.154,15.5,43.81,14.5,47.38
133.23,15.5,43.81,14.5,47.38
135.319,15.5,43.75,14.5,47.38
137.412,15.5,43.75,14.56,47.44
139.453,15.5,43.75,14.56,47.44
141.545,15.5,43.81,14.56,47.44
143.611,15.5,43.81,14.63,47.44
145.735,15.5,43.81,14.63,47.5
147.808,16.0,43.88,14.63,47.5
149.858,16.0,43.88,14.69,47.5
151.972,16.0,43.88,14.69,47.56
154.022,16.0,43.88,14.75,47.56
156.14,16.0,43.88,14.75,47.56
158.193,16.0,43.94,14.81,47.56
160.303,16.0,43.94,14.81,47.56
162.34,16.0,43.88,14.88,47.56
164.44,16.0,43.88,14.88,47.56
166.53,16.0,43.88,14.88,47.56
168.601,16.0,43.94,14.94,47.56
170.692,16.0,43.88,14.94,47.5
172.783,16.0,43.94,15.0,47.56
174.843,16.0,43.88,15.0,47.56
176.918,16.0,43.88,15.06,47.56
179.009,16.0,43.88,15.06,47.56
181.101,16.0,43.88,15.13,47.56
183.167,16.0,43.88,15.13,47.56
185.24,16.0,43.88,15.13,47.56
187.346,16.0,43.88,15.19,47.56
189.413,16.5,43.88,15.19,47.56
191.481,16.5,43.88,15.25,47.56
193.578,16.5,43.94,15.25,47.56
195.646,16.5,43.94,15.25,47.56
197.738,16.5,43.94,15.31,47.56
199.823,16.5,43.94,15.31,47.63
201.916,16.5,44.0,15.31,47.63
203.978,16.5,44.0,15.38,47.63
206.066,16.5,44.0,15.38,47.69
208.16,16.5,44.0,15.38,47.69
210.236,16.5,44.0,15.38,47.69
212.318,16.5,44.0,15.44,47.69
214.401,16.5,44.0,15.44,47.69
216.487,16.5,44.06,15.44,47.63
218.568,16.5,44.06,15.5,47.63
220.651,16.5,44.06,15.5,47.63
222.718,16.5,44.06,15.56,47.63
224.821,16.5,44.06,15.56,47.63
226.883,16.5,44.06,15.63,47.63
228.969,16.5,44.06,15.63,47.69
231.034,16.5,44.13,15.63,47.75
233.116,16.5,44.13,15.63,47.75
235.19,16.5,44.13,15.69,47.75
237.286,16.5,44.13,15.69,47.75
239.362,17.0,44.13,15.75,47.75
241.446,17.0,44.19,15.75,47.75
243.559,17.0,44.13,15.75,47.81
245.598,17.0,44.19,15.75,47.81
247.716,17.0,44.19,15.75,47.75
249.759,17.0,44.19,15.81,47.75
251.845,17.0,44.19,15.81,47.75
253.934,17.0,44.19,15.81,47.75
256.024,17.0,44.13,15.88,47.75
258.086,17.0,44.13,15.88,47.69
260.17,17.0,44.13,15.94,47.69
262.258,17.0,44.13,16.0,47.69
264.33,17.0,44.13,16.06,47.69
266.408,17.0,44.06,16.06,47.63
268.496,17.0,44.06,16.12,47.63
270.586,17.0,44.06,16.12,47.56
272.671,17.0,44.0,16.19,47.56
274.754,17.0,44.0,16.19,47.56
276.845,17.0,44.0,16.25,47.5
278.936,17.0,44.0,16.25,47.5
281.006,17.0,44.0,16.31,47.44
283.058,17.5,43.94,16.31,47.44
285.177,17.5,43.94,16.37,47.44
287.229,17.5,43.94,16.37,47.38
289.32,17.5,43.88,16.37,47.38
291.403,17.5,43.88,16.44,47.38
293.487,17.5,43.88,16.44,47.38
295.583,17.5,43.88,16.5,47.38
297.627,17.5,43.88,16.5,47.31
299.715,17.5,43.81,16.56,47.31
301.822,17.5,43.81,16.56,47.31
303.9,17.5,43.81,16.62,47.31
305.947,17.5,43.81,16.62,47.25
308.027,17.5,43.75,16.62,47.25
310.128,17.5,43.75,16.69,47.25
312.225,17.5,43.81,16.69,47.19
314.317,17.5,43.75,16.75,47.19
316.401,17.5,43.75,16.75,47.13
318.446,17.5,43.75,16.75,47.13
320.518,17.5,43.75,16.81,47.06
322.611,18.0,43.69,16.81,47.06
324.695,18.0,43.75,16.87,47.13
326.782,18.0,43.69,16.87,47.06
328.87,18.0,43.69,16.87,47.06
330.965,18.0,43.69,16.94,47.06
333.032,18.0,43.69,16.94,47.0
335.081,18.0,43.69,16.94,47.06
337.172,18.0,43.69,17.0,47.0
339.259,18.0,43.69,17.0,47.06
341.361,18.0,43.69,17.06,47.06
343.439,18.0,43.69,17.06,47.06
345.525,18.0,43.63,17.12,47.06
347.614,18.0,43.63,17.12,47.06
349.661,18.0,43.69,17.12,47.06
351.755,18.0,43.69,17.12,47.06
353.857,18.0,43.63,17.19,47.06
355.9,18.0,43.63,17.19,47.06
357.993,18.0,43.63,17.19,47.0
360.062,18.0,43.63,17.19,47.06
362.157,18.0,43.63,17.25,47.06
364.241,18.0,43.56,17.25,47.0
366.319,18.0,43.56,17.25,47.0
368.41,18.5,43.56,17.31,47.0
370.508,18.5,43.56,17.31,46.94
372.548,18.5,43.56,17.31,47.0
374.669,18.5,43.56,17.37,47.0
376.714,18.5,43.56,17.37,47.06
378.795,18.5,43.56,17.37,47.06
380.867,18.5,43.56,17.44,47.06
382.956,18.5,43.56,17.44,47.06
385.033,18.5,43.56,17.5,47.06
387.116,18.5,43.56,17.5,47.13
389.21,18.5,43.56,17.5,47.13
391.31,18.5,43.56,17.56,47.13
393.379,18.5,43.56,17.56,47.13
395.46,18.5,43.56,17.56,47.13
397.55,18.5,43.56,17.62,47.13
399.593,18.5,43.56,17.69,47.13
401.675,18.5,43.56,17.69,47.13
403.756,18.5,43.56,17.69,47.13
405.872,18.5,43.56,17.69,47.13
407.959,18.5,43.63,17.75,47.13
410.029,18.5,43.63,17.75,47.13
412.109,18.5,43.63,17.75,47.13
414.16,18.5,43.63,17.81,47.13
416.285,19.0,43.63,17.81,47.13
418.331,19.0,43.63,17.81,47.13
420.421,19.0,43.63,17.87,47.13
422.518,19.0,43.63,17.87,47.13
424.597,19.0,43.63,17.87,47.06
426.691,19.0,43.63,17.87,47.06
428.764,19.0,43.63,17.94,47.06
430.809,19.0,43.63,17.94,47.06
432.932,19.0,43.63,17.94,47.06
434.99,19.0,43.63,18.0,47.06
437.063,19.0,43.63,18.0,47.06
439.137,19.0,43.63,18.0,47.06
441.222,19.0,43.63,18.0,47.06
443.33,19.0,43.63,18.06,47.13
445.415,19.0,43.63,18.06,47.13
447.458,19.0,43.63,18.12,47.13
449.542,19.0,43.63,18.12,47.13
451.653,19.0,43.69,18.19,47.13
453.72,19.0,43.69,18.19,47.13
455.815,19.0,43.69,18.19,47.13
457.895,19.0,43.69,18.25,47.13
459.966,19.0,43.69,18.25,47.13
462.052,19.0,43.69,18.25,47.13
464.14,19.0,43.69,18.31,47.13
466.224,19.0,43.69,18.31,47.13
468.27,19.0,43.69,18.31,47.13
470.366,19.0,43.69,18.37,47.13
472.437,19.5,43.75,18.37,47.13
474.551,19.5,43.75,18.37,47.13
476.614,19.5,43.75,18.37,47.13
478.682,19.5,43.75,18.44,47.13
480.782,19.5,43.75,18.44,47.13
482.836,19.5,43.75,18.44,47.13
484.946,19.5,43.75,18.44,47.13
487.013,19.5,43.75,18.5,47.13
489.087,19.5,43.75,18.5,47.13
491.155,19.5,43.75,18.5,47.13
493.244,19.5,43.75,18.5,47.13
495.327,19.5,43.75,18.56,47.13
497.427,19.5,43.75,18.56,47.13
499.513,19.5,43.75,18.56,47.13
501.56,19.5,43.75,18.62,47.13
503.65,19.5,43.75,18.62,47.13
505.721,19.5,43.75,18.69,47.19
507.809,19.5,43.75,18.69,47.19
509.899,19.5,43.75,18.69,47.19
511.978,19.5,43.75,18.69,47.19
514.043,19.5,43.75,18.69,47.19
516.161,19.5,43.81,18.75,47.19
518.203,19.5,43.81,18.75,47.19
520.286,19.5,43.81,18.75,47.25
522.405,19.5,43.81,18.75,47.25
524.461,19.5,43.81,18.81,47.25
526.533,19.5,43.81,18.81,47.31
528.628,20.0,43.88,18.81,47.31
530.716,20.0,43.88,18.81,47.31
532.774,20.0,43.88,18.81,47.38
534.893,20.0,43.94,18.87,47.38
536.946,20.0,43.94,18.87,47.38
539.008,20.0,44.0,18.87,47.44
541.102,20.0,44.0,18.87,47.44
543.202,20.0,44.06,18.87,47.44
545.271,20.0,44.06,18.87,47.44
547.353,20.0,44.06,18.87,47.44
549.447,20.0,44.06,18.94,47.5
551.529,20.0,44.06,18.94,47.5
553.618,20.0,44.13,19.0,47.5
555.66,20.0,44.13,19.0,47.56
557.746,20.0,44.19,18.94,47.56
559.826,20.0,44.19,19.0,47.63
561.911,20.0,44.19,19.0,47.56
564.002,20.0,44.19,19.0,47.63
566.087,20.0,44.19,19.0,47.63
568.175,20.0,44.25,19.06,47.63
570.261,20.0,44.19,19.06,47.63
572.337,20.0,44.25,19.06,47.69
574.421,20.0,44.25,19.06,47.69
576.503,20.0,44.25,19.06,47.75
578.584,20.0,44.25,19.12,47.75
580.662,20.0,44.25,19.12,47.81
582.742,20.0,44.25,19.12,47.75
584.826,20.0,44.25,19.19,47.81
586.904,20.0,44.25,19.19,47.81
588.984,20.0,44.25,19.19,47.81
591.066,20.0,44.25,19.19,47.81
593.143,20.0,44.25,19.25,47.81
595.217,20.0,44.31,19.25,47.81
597.295,20.5,44.25,19.25,47.81
599.374,20.5,44.25,19.31,47.81
601.455,20.5,44.25,19.25,47.81
603.532,20.5,44.25,19.31,47.81
605.612,20.5,44.31,19.37,47.81
607.696,20.5,44.25,19.37,47.81
609.775,20.5,44.25,19.37,47.81
611.859,20.5,44.25,19.37,47.81
613.932,20.5,44.25,19.44,47.81
616.016,20.5,44.25,19.44,47.81
618.1,20.5,44.25,19.44,47.81
620.181,20.5,44.25,19.5,47.75
622.27,20.5,44.19,19.5,47.75
624.35,20.5,44.19,19.56,47.75
626.427,20.5,44.19,19.56,47.69
628.513,20.5,44.19,19.62,47.69
630.599,20.5,44.19,19.62,47.69
632.677,20.5,44.13,19.69,47.69
634.716,20.5,44.13,19.69,47.69
636.804,20.5,44.13,19.69,47.69
638.886,20.5,44.13,19.75,47.63
640.984,20.5,44.13,19.75,47.63
643.065,20.5,44.13,19.75,47.63
645.156,20.5,44.13,19.81,47.69
647.243,20.5,44.13,19.75,47.69
649.317,20.5,44.19,19.81,47.69
651.404,21.0,44.19,19.81,47.75
653.442,21.0,44.19,19.81,47.75
655.527,21.0,44.19,19.87,47.75
657.618,21.0,44.19,19.87,47.69
659.713,21.0,44.19,19.87,47.63
661.793,21.0,44.19,19.87,47.63
663.883,21.0,44.19,19.94,47.69
665.925,21.0,44.19,19.94,47.63
668.004,21.0,44.19,19.94,47.63
670.095,21.0,44.19,19.94,47.63
672.186,21.0,44.19,20.0,47.56
674.269,21.0,44.19,20.0,47.56
676.345,21.0,44.19,20.06,47.56
678.43,21.0,44.13,20.06,47.56
680.518,21.0,44.13,20.06,47.56
682.601,21.0,44.13,20.06,47.5
684.682,21.0,44.13,20.12,47.5
686.768,21.0,44.13,20.12,47.5
688.847,21.0,44.13,20.12,47.5
690.926,21.0,44.06,20.12,47.44
693.003,21.0,44.06,20.19,47.44
695.084,21.0,44.06,20.19,47.44
697.164,21.0,44.06,20.19,47.44
699.247,21.0,44.06,20.25,47.38
701.333,21.0,44.06,20.25,47.38
703.414,21.0,44.06,20.25,47.38
705.491,21.0,44.06,20.25,47.38
707.575,21.0,44.06,20.25,47.38
709.615,21.0,44.06,20.31,47.38
711.705,21.0,44.0,20.31,47.38
713.794,21.0,44.06,20.31,47.31
715.877,21.0,44.0,20.31,47.38
717.964,21.0,44.0,20.37,47.31
720.056,21.0,44.0,20.37,47.31
722.138,21.5,44.0,20.37,47.31
724.219,21.5,44.0,20.37,47.31
726.306,21.5,44.0,20.44,47.31
728.344,21.5,43.94,20.44,47.31
730.425,21.5,44.0,20.44,47.25
732.506,21.5,43.94,20.44,47.31
734.591,21.5,43.94,20.5,47.25
736.675,21.5,43.94,20.5,47.31
738.754,21.5,43.94,20.5,47.31
740.828,21.5,43.94,20.56,47.25
742.921,21.5,43.94,20.56,47.31
744.998,21.5,43.94,20.56,47.31
747.077,21.5,43.94,20.56,47.25
749.162,21.5,43.94,20.56,47.31
751.244,21.5,43.94,20.62,47.25
753.33,21.5,43.94,20.62,47.31
755.407,21.5,44.0,20.62,47.31
757.483,21.5,44.0,20.62,47.31
759.569,21.5,44.0,20.62,47.31
761.649,21.5,44.0,20.69,47.31
763.735,21.5,44.0,20.69,47.31
765.807,21.5,44.0,20.69,47.31
767.881,21.5,44.0,20.69,47.31
769.962,21.5,44.06,20.75,47.31
772.044,21.5,44.0,20.75,47.31
774.125,21.5,44.06,20.75,47.31
776.206,21.5,44.0,20.75,47.31
778.287,21.5,44.0,20.75,47.31
780.373,21.5,44.0,20.81,47.31
782.462,21.5,44.0,20.81,47.31
784.548,21.5,44.0,20.81,47.31
786.637,21.5,44.0,20.81,47.31
788.683,21.5,44.0,20.87,47.31
790.77,21.5,44.0,20.87,47.31
792.854,22.0,44.0,20.87,47.31
794.934,22.0,44.0,20.94,47.31
797.022,22.0,44.06,20.94,47.31
799.114,22.0,44.06,20.94,47.38
801.198,22.0,44.06,20.94,47.44
803.274,22.0,44.06,20.94,47.44
805.358,22.0,44.13,21.0,47.5
807.439,22.0,44.13,21.0,47.56
809.518,22.0,44.19,21.0,47.56
811.599,22.0,44.19,21.0,47.56
813.643,22.0,44.19,21.0,47.56
815.737,22.0,44.25,21.06,47.56
817.821,22.0,44.19,21.06,47.56
819.906,22.0,44.25,21.06,47.63
821.997,22.0,44.25,21.06,47.63
824.084,22.0,44.25,21.12,47.63
826.125,22.0,44.25,21.12,47.63
828.215,22.0,44.25,21.12,47.69
830.297,22.0,44.19,21.12,47.69
832.381,22.0,44.25,21.12,47.69
834.447,22.0,44.19,21.19,47.75
836.539,22.0,44.25,21.19,47.75
838.615,22.0,44.25,21.19,47.75
840.7,22.0,44.25,21.19,47.75
842.781,22.0,44.31,21.19,47.75
844.871,22.0,44.31,21.19,47.81
846.962,22.0,44.31,21.19,47.81
849.045,22.0,44.31,21.25,47.81
851.085,22.0,44.38,21.25,47.88
853.169,22.0,44.38,21.25,47.88
855.249,22.0,44.44,21.25,47.88
857.337,22.0,44.44,21.25,47.88
859.419,22.0,44.5,21.25,47.88
861.506,22.0,44.44,21.25,47.88
863.595,22.0,44.5,21.31,47.81
865.678,22.0,44.5,21.31,47.81
867.76,22.5,44.5,21.31,47.88
869.842,22.5,44.5,21.31,47.88
871.924,22.5,44.5,21.37,47.88
874.013,22.5,44.5,21.37,47.88
876.05,22.5,44.5,21.37,47.81
878.136,22.5,44.5,21.44,47.88
880.222,22.5,44.5,21.44,47.88
882.3,22.5,44.5,21.44,47.88
884.383,22.5,44.5,21.44,47.81
886.462,22.5,44.5,21.44,47.81
888.546,22.5,44.44,21.5,47.81
890.629,22.5,44.44,21.5,47.81
892.714,22.5,44.44,21.5,47.81
894.798,22.5,44.44,21.56,47.81
896.887,22.5,44.38,21.56,47.81
898.93,22.5,44.38,21.56,47.75
901.021,22.5,44.38,21.56,47.75
903.098,22.5,44.38,21.62,47.69
905.189,22.5,44.38,21.62,47.69
907.277,22.5,44.31,21.62,47.69
909.363,22.5,44.31,21.62,47.69
911.451,22.5,44.31,21.69,47.69
913.531,22.5,44.31,21.69,47.69
915.603,22.5,44.25,21.69,47.63
917.687,22.5,44.31,21.75,47.69
919.773,22.5,44.25,21.75,47.63
921.857,22.5,44.25,21.75,47.63
923.902,22.5,44.25,21.75,47.63
925.985,22.5,44.25,21.81,47.56
928.066,22.5,44.25,21.81,47.56
930.156,22.5,44.25,21.81,47.56
932.244,22.5,44.25,21.81,47.56
934.333,22.5,44.25,21.87,47.56
936.417,22.5,44.25,21.87,47.56
938.454,22.5,44.19,21.87,47.56
940.544,22.5,44.19,21.94,47.56
942.621,22.5,44.19,21.94,47.5
944.703,22.5,44.19,21.94,47.5
946.791,23.0,44.19,21.94,47.5
948.879,22.5,44.19,21.94,47.5
950.962,22.5,44.19,22.0,47.56
953.052,23.0,44.19,21.94,47.56
955.14,23.0,44.19,22.0,47.56
957.221,23.0,44.25,22.0,47.63
959.261,23.0,44.25,22.0,47.63
961.345,23.0,44.31,22.0,47.63
963.425,23.0,44.31,22.0,47.63
965.517,23.0,44.31,22.0,47.69
967.604,23.0,44.38,22.0,47.69
969.69,23.0,44.38,22.06,47.69
971.778,23.0,44.38,22.06,47.69
973.819,23.0,44.38,22.06,47.69
975.904,23.0,44.38,22.06,47.69
977.997,23.0,44.38,22.06,47.63
980.083,23.0,44.38,22.12,47.69
982.164,23.0,44.38,22.12,47.69
984.253,23.0,44.38,22.12,47.69
986.339,23.0,44.38,22.19,47.63
988.382,23.0,44.38,22.19,47.63
990.498,23.0,44.38,22.19,47.56
992.58,23.0,44.31,22.25,47.56
994.627,23.0,44.31,22.25,47.5
996.705,23.0,44.31,22.25,47.5
998.786,23.0,44.31,22.25,47.5
1000.878,23.0,44.25,22.31,47.5
1002.968,23.0,44.25,22.31,47.44
1005.058,23.0,44.25,22.31,47.44
1007.131,23.0,44.25,22.37,47.44
1009.216,23.0,44.25,22.37,47.44
1011.262,23.0,44.25,22.37,47.44
1013.352,23.0,44.19,22.44,47.44
1015.441,23.0,44.25,22.37,47.44
1017.523,23.0,44.25,22.44,47.44
1019.606,23.0,44.25,22.44,47.44
1021.69,23.0,44.25,22.44,47.44
1023.763,23.0,44.25,22.44,47.44
1025.843,23.5,44.25,22.5,47.38
1027.932,23.0,44.25,22.5,47.44
1029.982,23.5,44.25,22.5,47.44
1032.066,23.0,44.25,22.56,47.44
1034.146,23.5,44.25,22.56,47.38
1036.231,23.5,44.25,22.56,47.38
1038.306,23.5,44.19,22.56,47.44
1040.382,23.5,44.25,22.62,47.38
1042.47,23.5,44.25,22.62,47.38
1044.559,23.5,44.25,22.62,47.38
1046.653,23.5,44.25,22.62,47.31
1048.737,23.5,44.25,22.62,47.31
1050.823,23.5,44.25,22.62,47.31
1052.876,23.5,44.25,22.69,47.31
1054.95,23.5,44.19,22.69,47.25
1057.037,23.5,44.19,22.69,47.25
1059.133,23.5,44.19,22.69,47.25
1061.207,23.5,44.19,22.69,47.25
1063.299,23.5,44.19,22.69,47.25
1065.375,23.5,44.13,22.69,47.25
1067.46,23.5,44.13,22.75,47.25
1069.537,23.5,44.13,22.75,47.25
1071.619,23.5,44.13,22.75,47.19
1073.702,23.5,44.06,22.81,47.19
1075.785,23.5,44.06,22.81,47.13
1077.832,23.5,44.06,22.81,47.13
1079.923,23.5,44.06,22.81,47.13
1082.01,23.5,44.0,22.87,47.13
1084.091,23.5,44.0,22.87,47.13
1086.18,23.5,44.0,22.87,47.13
1088.267,23.5,44.0,22.87,47.13
1090.305,23.5,44.0,22.87,47.13
1092.394,23.5,44.0,22.94,47.06
1094.474,23.5,44.0,22.94,47.13
1096.558,23.5,44.0,22.94,47.13
1098.643,23.5,43.94,22.94,47.06
1100.734,23.5,44.0,22.94,47.13
1102.816,23.5,43.94,22.94,47.06
1104.908,23.5,44.0,23.0,47.06
1106.989,23.5,44.0,23.0,47.06
1109.025,23.5,43.94,23.0,47.13
1111.148,23.5,44.0,23.0,47.13
1113.23,23.5,44.0,23.0,47.13
1115.266,24.0,43.94,23.0,47.13
1117.346,23.5,44.0,23.06,47.13
1119.431,24.0,43.94,23.06,47.19
1121.516,24.0,44.0,23.06,47.19
1123.602,24.0,43.94,23.06,47.13
1125.688,24.0,44.0,23.06,47.13
1127.774,24.0,44.0,23.06,47.13
1129.864,24.0,44.0,23.12,47.13
1131.949,24.0,44.0,23.12,47.13
1134.027,24.0,44.0,23.12,47.19
1136.074,24.0,44.0,23.12,47.19
1138.165,24.0,44.0,23.12,47.25
1140.247,24.0,44.0,23.19,47.25
1142.336,24.0,44.0,23.19,47.25
1144.416,24.0,44.06,23.19,47.19
1146.5,24.0,44.0,23.19,47.19
1148.576,24.0,44.06,23.25,47.25
1150.664,24.0,44.06,23.19,47.25
1152.744,24.0,44.06,23.25,47.25
1154.787,24.0,44.06,23.25,47.19
1156.87,24.0,44.06,23.25,47.19
1158.956,24.0,44.06,23.25,47.19
1161.043,24.0,44.06,23.25,47.19
1163.127,24.0,44.06,23.25,47.19
1165.216,24.0,44.06,23.31,47.25
1167.297,24.0,44.06,23.31,47.25
1169.386,24.0,44.13,23.31,47.31
1171.427,24.0,44.13,23.31,47.31
1173.516,24.0,44.13,23.31,47.31
1175.613,24.0,44.19,23.31,47.31
1177.704,24.0,44.19,23.31,47.38
1179.785,24.0,44.19,23.31,47.38
1181.867,24.0,44.19,23.31,47.38
1183.942,24.0,44.19,23.31,47.44
1186.031,24.0,44.19,23.37,47.44
1188.065,24.0,44.25,23.37,47.44
1190.151,24.0,44.25,23.37,47.5
1192.24,24.0,44.25,23.37,47.5
1194.328,24.0,44.25,23.37,47.5
1196.423,24.0,44.25,23.37,47.5
1198.508,24.0,44.25,23.37,47.56
1200.59,24.0,44.31,23.37,47.56
1202.63,24.0,44.25,23.37,47.56
1204.752,24.0,44.31,23.44,47.63
1206.832,24.0,44.31,23.44,47.63
1208.875,24.0,44.31,23.44,47.63
1210.954,24.0,44.31,23.44,47.69
1213.03,24.0,44.38,23.44,47.63
1215.15,24.5,44.31,23.44,47.69
1217.19,24.5,44.38,23.44,47.69
1219.283,24.5,44.38,23.5,47.69
1221.368,24.5,44.38,23.5,47.69
1223.445,24.5,44.38,23.5,47.69
1225.531,24.5,44.38,23.5,47.69
1227.618,24.5,44.38,23.5,47.69
1229.671,24.5,44.38,23.5,47.69
1231.753,24.5,44.38,23.56,47.69
1233.841,24.5,44.38,23.56,47.69
1235.929,24.5,44.38,23.56,47.69
1238.017,24.5,44.38,23.56,47.63
1240.103,24.5,44.38,23.62,47.69
1242.188,24.5,44.38,23.62,47.63
1244.229,24.5,44.31,23.62,47.63
1246.315,24.5,44.31,23.62,47.63
1248.404,24.5,44.38,23.62,47.63
1250.485,24.5,44.38,23.62,47.63
1252.58,24.5,44.31,23.69,47.69
1254.659,24.5,44.38,23.62,47.69
1256.738,24.5,44.31,23.62,47.69
1258.825,24.5,44.31,23.62,47.69
1260.908,24.5,44.38,23.69,47.69
1262.987,24.5,44.38,23.69,47.69
1265.028,24.5,44.44,23.69,47.69
1267.112,24.5,44.44,23.69,47.69
1269.192,24.5,44.44,23.69,47.69
1271.276,24.5,44.44,23.69,47.69
1273.37,24.5,44.5,23.69,47.69
1275.459,24.5,44.44,23.75,47.69
1277.535,24.5,44.5,23.75,47.69
1279.623,24.5,44.5,23.75,47.69
1281.671,24.5,44.5,23.75,47.75
1283.754,24.5,44.5,23.75,47.69
1285.847,24.5,44.5,23.75,47.75
1287.933,24.5,44.5,23.81,47.75
1290.014,24.5,44.5,23.81,47.75
1292.106,24.5,44.44,23.81,47.75
1294.15,24.5,44.44,23.81,47.69
1296.241,24.5,44.44,23.81,47.69
1298.326,24.5,44.44,23.87,47.75
1300.413,24.5,44.44,23.87,47.69
1302.498,24.5,44.44,23.87,47.69
1304.588,24.5,44.38,23.87,47.69
1306.629,24.5,44.38,23.87,47.69
1308.72,24.5,44.38,23.87,47.69
1310.806,24.5,44.38,23.94,47.69
1312.892,24.5,44.38,23.94,47.69
1314.972,25.0,44.38,23.94,47.69
1317.061,24.5,44.38,23.94,47.69
1319.149,25.0,44.38,24.0,47.69
1321.19,25.0,44.31,24.0,47.69
1323.278,25.0,44.31,24.0,47.69
1325.363,25.0,44.31,24.0,47.69
1327.441,25.0,44.31,24.0,47.69
1329.521,25.0,44.31,24.0,47.69
1331.609,25.0,44.31,24.0,47.69
1333.694,25.0,44.31,24.06,47.63
1335.781,25.0,44.31,24.06,47.63
1337.868,25.0,44.31,24.06,47.69
1339.91,25.0,44.31,24.06,47.63
1341.994,25.0,44.31,24.06,47.63
1344.086,25.0,44.31,24.06,47.63
1346.172,25.0,44.31,24.06,47.63
1348.259,25.0,44.31,24.12,47.63
1350.343,25.0,44.31,24.06,47.63
1352.386,25.0,44.31,24.12,47.69
1354.468,25.0,44.31,24.12,47.63
1356.557,25.0,44.31,24.12,47.63
1358.639,25.0,44.31,24.12,47.63
1360.724,25.0,44.31,24.12,47.63
1362.816,25.0,44.31,24.12,47.63
1364.908,25.0,44.31,24.12,47.63
1366.948,25.0,44.31,24.12,47.63
1369.039,25.0,44.31,24.19,47.56
1371.13,25.0,44.31,24.19,47.56
1373.22,25.0,44.31,24.25,47.56
1375.308,25.0,44.31,24.19,47.5
1377.349,25.0,44.25,24.25,47.5
1379.44,25.0,44.25,24.25,47.5
1381.526,25.0,44.25,24.25,47.5
1383.611,25.0,44.25,24.25,47.5
1385.693,25.0,44.25,24.25,47.5
1387.775,25.0,44.25,24.25,47.5
1389.862,25.0,44.25,24.31,47.5
1391.944,25.0,44.25,24.31,47.5
1394.029,25.0,44.25,24.31,47.56
1396.062,25.0,44.25,24.31,47.5
1398.158,25.0,44.31,24.37,47.5
1400.242,25.0,44.31,24.37,47.5
1402.322,25.0,44.31,24.37,47.5
1404.403,25.0,44.31,24.37,47.5
1406.485,25.0,44.31,24.37,47.5
1408.561,25.0,44.31,24.37,47.56
1410.648,25.0,44.31,24.37,47.56
1412.734,25.0,44.38,24.37,47.56
1414.812,25.0,44.38,24.44,47.56
1416.893,25.0,44.38,24.37,47.56
1418.965,25.0,44.38,24.44,47.56
1421.041,25.0,44.38,24.44,47.56
1423.128,25.0,44.38,24.44,47.56
1425.221,25.0,44.38,24.44,47.56
1427.26,25.0,44.38,24.44,47.56
1429.343,25.0,44.38,24.44,47.56
1431.427,25.0,44.38,24.44,47.56
1433.542,25.0,44.38,24.44,47.56
1435.579,25.0,44.38,24.44,47.56
1437.663,25.0,44.38,24.5,47.56
1439.749,25.5,44.38,24.5,47.56
1441.833,25.0,44.38,24.5,47.5
1443.914,25.5,44.38,24.5,47.56
1445.999,25.5,44.38,24.5,47.5
1448.089,25.5,44.38,24.5,47.5
1450.159,25.0,44.38,24.5,47.5
1452.236,25.5,44.38,24.56,47.5
1454.317,25.5,44.31,24.56,47.5
1456.403,25.5,44.31,24.56,47.5
1458.485,25.5,44.38,24.56,47.5
1460.573,25.5,44.38,24.56,47.5
1462.653,25.5,44.38,24.56,47.56
1464.699,25.5,44.38,24.56,47.56
1466.781,25.5,44.38,24.56,47.56
1468.872,25.5,44.38,24.56,47.56
1470.958,25.5,44.44,24.56,47.63
1473.042,25.5,44.44,24.56,47.56
1475.128,25.5,44.44,24.62,47.63
1477.211,25.5,44.44,24.62,47.63
1479.299,25.5,44.44,24.62,47.63
1481.336,25.5,44.5,24.62,47.63
1483.419,25.5,44.5,24.62,47.63
1485.511,25.5,44.5,24.62,47.63
1487.593,25.5,44.5,24.62,47.63
1489.68,25.5,44.5,24.62,47.63
1491.764,25.5,44.5,24.62,47.63
1493.842,25.5,44.5,24.69,47.63
1495.93,25.5,44.5,24.69,47.69
1497.973,25.5,44.5,24.69,47.69
1500.099,25.5,44.5,24.69,47.69
1502.177,25.5,44.5,24.69,47.63
1504.257,25.5,44.5,24.69,47.63
1506.335,25.5,44.5,24.69,47.63
1508.377,25.5,44.5,24.75,47.63
1510.498,25.5,44.5,24.69,47.63
1512.535,25.5,44.5,24.75,47.63
1514.614,25.5,44.5,24.75,47.63
1516.705,25.5,44.5,24.75,47.63
1518.779,25.5,44.5,24.81,47.63
1520.866,25.5,44.5,24.75,47.69
1522.946,25.5,44.5,24.75,47.69
1525.031,25.5,44.5,24.75,47.69
1527.11,25.5,44.5,24.81,47.69
1529.192,25.5,44.5,24.81,47.63
1531.282,25.5,44.5,24.81,47.63
1533.364,25.5,44.5,24.81,47.63
1535.447,25.5,44.5,24.81,47.63
1537.529,25.5,44.5,24.81,47.63
1539.608,25.5,44.44,24.87,47.63
1541.653,25.5,44.44,24.87,47.56
1543.743,25.5,44.44,24.87,47.56
1545.827,25.5,44.44,24.87,47.56
1547.911,25.5,44.44,24.87,47.5
1549.99,25.5,44.44,24.87,47.5
1552.078,25.5,44.44,24.87,47.5
1554.158,25.5,44.38,24.87,47.44
1556.235,25.5,44.38,24.94,47.5
1558.316,25.5,44.38,24.94,47.44
1560.402,25.5,44.38,24.94,47.44
1562.488,25.5,44.38,24.94,47.38
1564.568,26.0,44.38,24.94,47.38
1566.653,25.5,44.38,24.94,47.38
1568.696,25.5,44.31,25.0,47.38
1570.776,26.0,44.31,25.0,47.31
1572.86,26.0,44.31,25.0,47.31
1574.937,26.0,44.31,25.0,47.31
1577.032,26.0,44.31,25.0,47.31
1579.116,26.0,44.31,25.0,47.38
1581.199,26.0,44.31,25.0,47.31
1583.284,26.0,44.31,25.0,47.31
1585.367,26.0,44.31,25.0,47.38
1587.404,26.0,44.31,25.0,47.38
1589.488,26.0,44.31,25.0,47.38
1591.579,26.0,44.31,25.06,47.38
1593.669,26.0,44.31,25.06,47.38
1595.758,26.0,44.25,25.06,47.38
1597.841,26.0,44.25,25.06,47.31
1599.924,26.0,44.25,25.06,47.31
1602.0,26.0,44.25,25.12,47.31
1604.086,26.0,44.25,25.12,47.25
1606.162,26.0,44.25,25.12,47.25
1608.249,26.0,44.25,25.12,47.25
1610.286,26.0,44.25,25.12,47.25
1612.375,26.0,44.25,25.12,47.31
1614.452,26.0,44.25,25.12,47.31
1616.536,26.0,44.25,25.12,47.38
1618.627,26.0,44.25,25.19,47.31
1620.715,26.0,44.25,25.12,47.38
1622.803,26.0,44.25,25.19,47.38
1624.843,26.0,44.25,25.19,47.38
1626.924,26.0,44.31,25.19,47.38
1629.003,26.0,44.31,25.19,47.38
1631.095,26.0,44.31,25.19,47.38
1633.187,26.0,44.31,25.19,47.38
1635.267,26.0,44.38,25.19,47.44
1637.356,26.0,44.31,25.25,47.44
1639.443,26.0,44.31,25.25,47.44
1641.487,26.0,44.38,25.25,47.5
1643.573,26.0,44.38,25.25,47.5
1645.67,26.0,44.38,25.25,47.44
1647.718,26.0,44.38,25.25,47.44
1649.803,26.0,44.38,25.25,47.44
1651.886,26.0,44.38,25.25,47.38
1653.968,26.0,44.38,25.31,47.38
1656.058,26.0,44.38,25.31,47.38
1658.146,26.0,44.38,25.31,47.38
1660.229,26.0,44.38,25.31,47.38
1662.323,26.0,44.38,25.31,47.44
1664.366,26.0,44.38,25.31,47.44
1666.45,26.0,44.38,25.31,47.44
1668.535,26.0,44.38,25.31,47.44
1670.62,26.0,44.38,25.31,47.44
1672.701,26.0,44.38,25.37,47.5
1674.785,26.0,44.44,25.37,47.5
1676.878,26.0,44.44,25.31,47.5
1678.918,26.0,44.44,25.31,47.56
1681.004,26.0,44.5,25.37,47.5
1683.092,26.0,44.5,25.37,47.56
1685.183,26.0,44.5,25.37,47.63
1687.258,26.0,44.5,25.37,47.63
1689.347,26.0,44.56,25.37,47.69
1691.429,26.0,44.56,25.31,47.69
1693.502,26.0,44.56,25.37,47.69
1695.585,26.0,44.63,25.37,47.69
1697.665,26.0,44.63,25.37,47.69
1699.743,26.0,44.63,25.37,47.69
1701.833,26.0,44.63,25.37,47.69
1703.918,26.0,44.69,25.37,47.69
1705.996,26.0,44.69,25.44,47.69
1708.039,26.0,44.69,25.44,47.69
1710.123,26.0,44.69,25.44,47.69
1712.208,26.0,44.63,25.44,47.69
1714.282,26.0,44.63,25.44,47.63
1716.372,26.0,44.63,25.44,47.63
1718.453,26.0,44.63,25.5,47.56
1720.545,26.5,44.56,25.5,47.56
1722.635,26.0,44.56,25.5,47.56
1724.68,26.0,44.56,25.5,47.5
1726.773,26.5,44.56,25.5,47.5
1728.859,26.5,44.56,25.5,47.56
1730.94,26.5,44.5,25.5,47.56
1733.011,26.5,44.56,25.5,47.56
1735.101,26.5,44.56,25.5,47.56
1737.192,26.5,44.56,25.56,47.56
1739.229,26.5,44.56,25.5,47.63
1741.314,26.5,44.63,25.56,47.63
1743.399,26.5,44.63,25.56,47.69
1745.485,26.5,44.69,25.5,47.69
1747.57,26.5,44.69,25.56,47.69
1749.657,26.5,44.69,25.56,47.75
1751.743,26.5,44.69,25.56,47.75
1753.824,26.5,44.75,25.56,47.75
1755.901,26.5,44.75,25.56,47.81
1757.947,26.5,44.69,25.56,47.81
1760.038,26.5,44.75,25.56,47.81
1762.118,26.5,44.69,25.56,47.81
1764.195,26.5,44.75,25.56,47.81
1766.283,26.5,44.69,25.56,47.88
1768.368,26.5,44.75,25.56,47.88
1770.452,26.5,44.69,25.56,47.88
1772.532,26.5,44.69,25.62,47.88
1774.625,26.5,44.69,25.62,47.88
1776.667,26.5,44.69,25.62,47.88
1778.749,26.5,44.69,25.62,47.88
1780.829,26.5,44.75,25.62,47.88
1782.92,26.5,44.75,25.62,47.88
1785.005,26.5,44.69,25.62,47.88
1787.091,26.5,44.75,25.62,47.88
1789.17,26.5,44.69,25.69,47.88
1791.253,26.5,44.75,25.69,47.88
1793.329,26.5,44.69,25.69,47.88
1795.415,26.5,44.69,25.69,47.81
1797.5,26.5,44.69,25.69,47.81
1799.54,26.5,44.63,25.69,47.75
1801.631,26.5,44.63,25.69,47.75
1803.718,26.5,44.63,25.69,47.69
1805.799,26.5,44.56,25.75,47.69
1807.882,26.5,44.56,25.75,47.63
1809.957,26.5,44.56,25.75,47.63
1812.043,26.5,44.5,25.75,47.56
1814.132,26.5,44.5,25.75,47.56
1816.214,26.5,44.5,25.75,47.56
1818.259,26.5,44.44,25.75,47.56
1820.337,26.5,44.44,25.75,47.5
1822.419,26.5,44.44,25.75,47.5
1824.502,26.5,44.44,25.75,47.5
1826.59,26.5,44.38,25.81,47.44
1828.673,26.5,44.38,25.81,47.44
1830.762,26.5,44.38,25.81,47.44
1832.848,26.5,44.38,25.81,47.44
1834.934,26.5,44.38,25.81,47.44
1836.974,26.5,44.38,25.81,47.38
1839.056,26.5,44.31,25.81,47.44
1841.137,26.5,44.31,25.81,47.38
1843.221,26.5,44.31,25.81,47.38
1845.307,26.5,44.31,25.87,47.38
1847.388,26.5,44.31,25.87,47.38
1849.47,26.5,44.31,25.87,47.38
1851.548,26.5,44.31,25.87,47.38
1853.629,26.5,44.31,25.87,47.38
1855.719,26.5,44.31,25.87,47.38
1857.801,26.5,44.31,25.87,47.38
1859.885,26.5,44.31,25.87,47.38
1861.974,26.5,44.31,25.87,47.31
1864.014,26.5,44.31,25.94,47.31
1866.097,26.5,44.31,25.94,47.38
1868.181,26.5,44.31,25.94,47.38
1870.269,26.5,44.25,25.94,47.31
1872.353,26.5,44.25,25.94,47.25
1874.437,26.5,44.25,25.94,47.31
1876.52,26.5,44.25,25.94,47.31
1878.603,26.5,44.19,25.94,47.31
1880.689,26.5,44.19,25.94,47.31
1882.765,26.5,44.19,26.0,47.31
1884.806,26.5,44.19,26.0,47.31
1886.887,26.5,44.19,25.94,47.25
1888.967,26.5,44.19,25.94,47.19
1891.051,26.5,44.19,26.0,47.25
1893.139,26.5,44.13,26.0,47.19
1895.214,26.5,44.13,26.0,47.19
1897.309,26.5,44.13,26.0,47.19
1899.389,26.5,44.13,26.0,47.19
1901.474,26.5,44.13,26.0,47.19
1903.566,26.5,44.13,26.0,47.19
1905.606,26.5,44.13,26.0,47.13
1907.69,26.5,44.13,26.0,47.13
1909.764,26.5,44.06,26.0,47.13
1911.847,26.5,44.06,26.0,47.13
1913.932,26.5,44.06,26.0,47.19
1916.028,26.5,44.06,26.06,47.13
1918.109,26.5,44.06,26.06,47.13
1920.19,27.0,44.06,26.06,47.06
1922.275,26.5,44.06,26.06,47.13
1924.354,27.0,44.06,26.06,47.13
1926.44,27.0,44.06,26.06,47.13
1928.521,26.5,44.13,26.06,47.19
1930.599,27.0,44.13,26.06,47.19
1932.678,27.0,44.13,26.12,47.19
1934.757,27.0,44.13,26.06,47.25
1936.795,27.0,44.19,26.06,47.25
1938.914,27.0,44.19,26.06,47.25
1940.996,27.0,44.19,26.06,47.31
1943.077,27.0,44.25,26.12,47.25
1945.119,27.0,44.25,26.12,47.31
1947.203,27.0,44.25,26.12,47.31
1949.292,27.0,44.25,26.12,47.31
1951.367,27.0,44.31,26.12,47.31
1953.442,27.0,44.31,26.12,47.31
1955.526,27.0,44.31,26.12,47.31
1957.607,27.0,44.31,26.12,47.31
1959.691,27.0,44.31,26.12,47.25
1961.77,27.0,44.31,26.12,47.25
1963.856,27.0,44.31,26.12,47.25
1965.942,27.0,44.25,26.19,47.25
1968.031,27.0,44.25,26.12,47.25
1970.114,27.0,44.25,26.19,47.25
1972.153,27.0,44.25,26.19,47.25
1974.244,27.0,44.25,26.19,47.25
1976.334,27.0,44.25,26.19,47.25
1978.423,27.0,44.25,26.19,47.25
1980.507,27.0,44.25,26.19,47.25
1982.587,27.0,44.19,26.19,47.25
1984.673,27.0,44.19,26.25,47.25
1986.711,27.0,44.19,26.25,47.25
1988.792,27.0,44.19,26.25,47.19
1990.876,27.0,44.19,26.25,47.25
1992.96,27.0,44.19,26.25,47.19
1995.053,27.0,44.19,26.25,47.19
1997.141,27.0,44.19,26.25,47.19
1999.185,27.0,44.19,26.31,47.25
2001.278,27.0,44.19,26.31,47.25
2003.363,27.0,44.19,26.31,47.25
2005.449,27.0,44.19,26.31,47.25
2007.544,27.0,44.19,26.31,47.25
2009.591,27.0,44.19,26.31,47.25
2011.68,27.0,44.19,26.31,47.25
2013.77,27.0,44.19,26.31,47.25
2015.85,27.0,44.19,26.31,47.25
2017.942,27.0,44.19,26.31,47.25
2019.981,27.0,44.19,26.31,47.25
2022.071,27.0,44.19,26.31,47.25
2024.161,27.0,44.19,26.31,47.25
2026.249,27.0,44.19,26.31,47.25
2028.336,27.0,44.19,26.31,47.25
2030.419,27.0,44.19,26.37,47.19
2032.499,27.0,44.19,26.37,47.19
2034.573,27.0,44.19,26.37,47.19
2036.655,27.0,44.19,26.37,47.19
2038.737,27.0,44.19,26.37,47.19
2040.817,27.0,44.13,26.37,47.19
2042.859,27.0,44.13,26.37,47.13
2044.945,27.0,44.13,26.37,47.19
2047.031,27.0,44.13,26.37,47.13
2049.107,27.0,44.13,26.37,47.13
2051.199,27.0,44.13,26.37,47.13
2053.292,27.0,44.06,26.44,47.13
2055.376,27.0,44.06,26.37,47.13
2057.417,27.0,44.06,26.37,47.13
2059.51,27.0,44.06,26.44,47.13
2061.586,27.0,44.06,26.44,47.13
2063.664,27.0,44.06,26.44,47.13
2065.74,27.0,44.06,26.44,47.13
2067.825,27.0,44.13,26.44,47.13
2069.911,27.0,44.13,26.44,47.19
2072.001,27.0,44.13,26.44,47.19
2074.086,27.0,44.13,26.44,47.19
2076.127,27.0,44.13,26.44,47.19
2078.252,27.0,44.19,26.44,47.19
2080.291,27.0,44.19,26.44,47.19
2082.377,27.0,44.19,26.44,47.25
2084.456,27.0,44.19,26.44,47.25
2086.538,27.0,44.25,26.5,47.31
2088.624,27.0,44.25,26.44,47.31
2090.706,27.0,44.25,26.44,47.31
2092.785,27.0,44.31,26.5,47.38
2094.866,27.0,44.31,26.5,47.38
2096.955,27.0,44.31,26.5,47.38
2099.045,27.0,44.38,26.5,47.44
2101.093,27.0,44.38,26.5,47.5
2103.178,27.0,44.44,26.5,47.5
2105.268,27.0,44.44,26.5,47.56
2107.354,27.0,44.5,26.5,47.63
2109.433,27.0,44.5,26.5,47.63
2111.518,27.0,44.5,26.5,47.69
2113.602,27.0,44.5,26.5,47.63
2115.676,27.0,44.56,26.5,47.69
2117.72,27.5,44.56,26.5,47.69
2119.812,27.5,44.56,26.56,47.75
2121.89,27.5,44.56,26.5,47.75
2123.977,27.0,44.63,26.5,47.75
2126.064,27.5,44.63,26.56,47.75
2128.148,27.5,44.63,26.56,47.75
2130.231,27.5,44.56,26.56,47.75
2132.319,27.5,44.63,26.56,47.69
2134.399,27.5,44.63,26.56,47.75
2136.443,27.5,44.63,26.56,47.81
2138.517,27.5,44.63,26.56,47.81
2140.637,27.5,44.63,26.56,47.81
2142.679,27.5,44.69,26.56,47.75
2144.755,27.5,44.69,26.56,47.75
2146.841,27.5,44.63,26.62,47.69
2148.931,27.5,44.63,26.62,47.69
2151.002,27.5,44.63,26.62,47.63
2153.092,27.5,44.63,26.56,47.63
2155.18,27.5,44.63,26.62,47.63
2157.267,27.5,44.56,26.62,47.63
2159.354,27.5,44.56,26.62,47.56
2161.392,27.5,44.56,26.62,47.56
2163.481,27.5,44.56,26.62,47.5
2165.565,27.5,44.5,26.62,47.5
2167.651,27.5,44.5,26.62,47.5
2169.739,27.5,44.5,26.62,47.56
2171.823,27.5,44.5,26.69,47.56
2173.907,27.5,44.5,26.69,47.56
2175.992,27.5,44.5,26.69,47.56
2178.029,27.5,44.5,26.69,47.63
2180.116,27.5,44.5,26.69,47.63
2182.204,27.5,44.5,26.69,47.63
2184.288,27.5,44.5,26.69,47.63
2186.381,27.5,44.56,26.69,47.69
2188.465,27.5,44.56,26.69,47.69
2190.549,27.5,44.56,26.69,47.69
2192.595,27.5,44.56,26.69,47.69
2194.678,27.5,44.56,26.69,47.69
2196.756,27.5,44.56,26.75,47.69
2198.839,27.5,44.63,26.69,47.75
2200.918,27.5,44.56,26.69,47.81
2203.011,27.5,44.63,26.69,47.81
2205.095,27.5,44.63,26.75,47.81
2207.182,27.5,44.63,26.69,47.81
2209.219,27.5,44.69,26.69,47.81
2211.299,27.5,44.69,26.75,47.81
2213.387,27.5,44.69,26.75,47.75
2215.478,27.5,44.69,26.75,47.81
2217.561,27.5,44.69,26.75,47.81
2219.635,27.5,44.69,26.75,47.81
2221.718,27.5,44.75,26.75,47.81
2223.803,27.5,44.75,26.75,47.81
2225.881,27.5,44.75,26.81,47.75
2227.96,27.5,44.75,26.75,47.75
2230.052,27.5,44.75,26.81,47.75
2232.131,27.5,44.69,26.81,47.75
2234.172,27.5,44.69,26.81,47.75
2236.261,27.5,44.75,26.81,47.75
2238.35,27.5,44.69,26.81,47.75
2240.425,27.5,44.69,26.81,47.75
2242.511,27.5,44.69,26.81,47.75
2244.601,27.5,44.75,26.81,47.75
2246.693,27.5,44.69,26.81,47.75
2248.733,27.5,44.69,26.81,47.69
2250.818,27.5,44.75,26.81,47.75
2252.902,27.5,44.69,26.81,47.75
2254.99,27.5,44.69,26.81,47.75
2257.086,27.5,44.75,26.81,47.69
2259.167,27.5,44.69,26.81,47.69
2261.25,27.5,44.69,26.87,47.69
2263.288,27.5,44.69,26.87,47.63
2265.374,27.5,44.69,26.87,47.63
2267.459,27.5,44.69,26.81,47.63
2269.544,27.5,44.69,26.87,47.63
2271.635,27.5,44.69,26.87,47.69
2273.717,27.5,44.69,26.87,47.69
2275.762,27.5,44.69,26.87,47.69
2277.852,27.5,44.69,26.87,47.75
2279.934,27.5,44.69,26.87,47.75
2282.017,27.5,44.69,26.87,47.75
2284.099,27.5,44.69,26.87,47.75
2286.182,27.5,44.69,26.87,47.81
2288.271,27.5,44.69,26.87,47.81
2290.356,27.5,44.75,26.87,47.81
2292.396,27.5,44.69,26.87,47.88
2294.479,27.5,44.75,26.87,47.81
2296.565,27.5,44.75,26.87,47.81
2298.652,27.5,44.75,26.87,47.81
2300.74,27.5,44.75,26.94,47.88
2302.814,27.5,44.75,26.94,47.88
2304.9,27.5,44.75,26.94,47.88
2306.979,27.5,44.75,26.94,47.88
2309.065,27.5,44.75,26.94,47.88
2311.146,27.5,44.81,26.94,47.94
2313.228,27.5,44.81,26.94,47.94
2315.303,27.5,44.81,26.94,47.94
2317.385,27.5,44.81,26.94,47.94
2319.469,27.5,44.81,26.94,47.94
2321.511,27.5,44.88,26.94,47.94
2323.597,27.5,44.94,26.94,48.0
2325.675,27.5,44.94,26.94,48.0
2327.761,27.5,45.0,26.94,48.0
2329.845,27.5,45.06,26.94,48.0
2331.931,27.5,45.06,26.94,48.0
2334.01,27.5,45.13,26.94,48.0
2336.1,27.5,45.13,26.94,47.94
2338.147,27.5,45.13,26.94,48.0
2340.229,28.0,45.13,26.94,48.0
2342.308,28.0,45.13,26.94,47.94
2344.394,28.0,45.13,26.94,47.94
2346.466,28.0,45.13,26.94,48.0
2348.546,28.0,45.13,27.0,48.0
2350.629,28.0,45.13,26.94,48.0
2352.712,28.0,45.13,27.0,48.06
2354.79,28.0,45.13,27.0,48.0
2356.878,28.0,45.06,27.0,48.0
2358.956,28.0,45.06,27.0,47.94
2361.037,28.0,45.06,27.0,47.94
2363.121,28.0,45.06,27.0,47.94
2365.206,28.0,45.06,27.0,47.94
2367.294,28.0,45.0,27.0,47.88
2369.374,28.0,45.0,27.0,47.81
2371.457,28.0,45.0,27.0,47.81
2373.496,28.0,44.94,27.0,47.75
2375.579,28.0,44.88,27.0,47.75
2377.658,28.0,44.88,27.0,47.75
2379.735,28.0,44.88,27.06,47.75
2381.857,28.0,44.81,27.06,47.69
2383.932,28.0,44.81,27.06,47.69
2385.973,28.0,44.75,27.06,47.69
2388.094,28.0,44.75,27.06,47.69
2390.131,28.0,44.75,27.12,47.69
2392.214,28.0,44.69,27.06,47.69
2394.3,28.0,44.69,27.06,47.69
2396.38,28.0,44.69,27.12,47.69
2398.459,28.0,44.69,27.12,47.69
2400.54,28.0,44.69,27.12,47.69
2402.626,28.0,44.69,27.12,47.63
2404.707,28.0,44.69,27.12,47.63
2406.79,28.0,44.69,27.12,47.63
2408.874,28.0,44.63,27.12,47.56
2410.958,28.0,44.56,27.12,47.56
2413.038,28.0,44.56,27.12,47.56
2415.121,28.0,44.56,27.12,47.5
2417.194,28.0,44.5,27.12,47.5
2419.277,28.0,44.56,27.12,47.44
2421.361,28.0,44.5,27.12,47.44
2423.437,28.0,44.5,27.12,47.44
2425.523,28.0,44.5,27.12,47.44
2427.599,28.0,44.5,27.12,47.44
2429.675,28.0,44.5,27.19,47.38
2431.759,28.0,44.5,27.19,47.38
2433.799,28.0,44.44,27.19,47.38
2435.887,28.0,44.44,27.19,47.31
2437.972,28.0,44.44,27.19,47.38
2440.06,28.0,44.44,27.19,47.31
2442.144,28.0,44.44,27.19,47.25
2444.235,28.0,44.38,27.19,47.31
2446.318,28.0,44.38,27.19,47.25
2448.364,28.0,44.38,27.19,47.25
2450.439,28.0,44.38,27.19,47.25
2452.523,28.0,44.38,27.19,47.19
2454.605,28.0,44.38,27.19,47.19
2456.695,28.0,44.31,27.19,47.19
2458.783,28.0,44.31,27.19,47.19
2460.866,28.0,44.31,27.19,47.19
2462.942,28.0,44.31,27.19,47.19
2465.031,28.0,44.31,27.25,47.19
2467.075,28.0,44.31,27.19,47.19
2469.158,28.0,44.31,27.19,47.19
2471.241,28.0,44.31,27.25,47.25
2473.324,28.0,44.31,27.25,47.25
2475.397,28.0,44.31,27.25,47.25
2477.478,28.0,44.31,27.25,47.25
2479.57,28.0,44.31,27.25,47.25
2481.657,28.0,44.31,27.25,47.25
2483.736,28.0,44.38,27.25,47.25
2485.82,28.0,44.38,27.25,47.25
2487.899,28.0,44.38,27.25,47.25
2489.984,28.0,44.38,27.25,47.25
2492.069,28.0,44.38,27.25,47.25
2494.116,28.0,44.38,27.25,47.25
2496.196,28.0,44.38,27.25,47.25
2498.282,28.0,44.38,27.25,47.25
2500.361,28.0,44.38,27.31,47.25
2502.443,28.0,44.38,27.25,47.25
2504.527,28.0,44.38,27.31,47.31
2506.61,28.0,44.38,27.31,47.31
2508.692,28.0,44.38,27.25,47.31
2510.773,28.0,44.38,27.31,47.31
2512.858,28.0,44.38,27.25,47.31
2514.942,28.0,44.38,27.25,47.31
2517.02,28.0,44.38,27.31,47.31
2519.057,28.0,44.38,27.25,47.31
2521.145,28.0,44.38,27.31,47.38
2523.225,28.0,44.38,27.31,47.31
2525.308,28.0,44.38,27.31,47.38
2527.392,28.0,44.38,27.25,47.38
2529.477,28.0,44.38,27.31,47.38
2531.562,28.0,44.38,27.25,47.38
2533.642,28.0,44.38,27.25,47.38
2535.724,28.0,44.44,27.31,47.38
2537.809,28.0,44.38,27.31,47.38
2539.894,28.0,44.44,27.31,47.38
2541.934,28.0,44.38,27.31,47.38
2544.013,28.0,44.38,27.31,47.31
2546.094,28.0,44.38,27.31,47.38
2548.178,28.0,44.38,27.31,47.31
2550.26,28.0,44.38,27.31,47.31
2552.346,28.0,44.38,27.31,47.31
2554.426,28.0,44.38,27.31,47.25
2556.507,28.0,44.38,27.31,47.31
2558.592,28.0,44.31,27.31,47.31
2560.674,28.0,44.38,27.37,47.25
2562.75,28.0,44.31,27.31,47.25
2564.829,28.0,44.31,27.31,47.19
2566.919,28.0,44.31,27.37,47.25
2569.007,28.0,44.31,27.37,47.25
2571.049,28.0,44.31,27.37,47.25
2573.132,28.0,44.25,27.37,47.19
2575.211,28.0,44.25,27.37,47.25
2577.299,28.0,44.25,27.37,47.25
2579.388,28.0,44.25,27.37,47.19
2581.474,28.0,44.25,27.37,47.19
2583.56,28.0,44.25,27.37,47.19
2585.642,28.0,44.25,27.37,47.19
2587.682,28.0,44.19,27.37,47.19
2589.769,28.0,44.25,27.37,47.19
2591.845,28.0,44.25,27.37,47.19
2593.923,28.0,44.19,27.37,47.19
2596.013,28.0,44.19,27.37,47.19
2598.096,28.0,44.19,27.37,47.19
2600.178,28.0,44.19,27.37,47.19
2602.253,28.0,44.19,27.37,47.19
2604.332,28.0,44.19,27.37,47.19
2606.41,28.0,44.19,27.37,47.19
2608.498,28.0,44.19,27.37,47.13
2610.581,28.0,44.19,27.37,47.13
2612.659,28.0,44.19,27.44,47.13
2614.737,28.0,44.19,27.37,47.13
2616.823,28.0,44.19,27.44,47.13
2618.911,28.0,44.19,27.44,47.19
2620.995,28.0,44.19,27.44,47.13
2623.073,28.0,44.19,27.44,47.13
2625.146,28.0,44.19,27.44,47.19
2627.226,28.0,44.25,27.44,47.19
2629.304,28.0,44.25,27.44,47.19
2631.384,28.0,44.25,27.44,47.19
2633.452,28.0,44.25,27.44,47.19
2635.536,28.0,44.25,27.44,47.19
2637.612,28.0,44.25,27.44,47.19
2639.696,28.0,44.25,27.44,47.25
2641.772,28.0,44.31,27.5,47.25
2643.861,28.0,44.31,27.5,47.25
2645.901,28.0,44.31,27.5,47.31
2647.983,28.0,44.31,27.5,47.25
2650.071,28.0,44.31,27.44,47.25
2652.149,28.0,44.31,27.5,47.25
2654.237,28.0,44.31,27.44,47.31
2656.326,28.0,44.38,27.5,47.38
2658.404,28.0,44.38,27.44,47.38
2660.475,28.0,44.38,27.44,47.38
2662.565,28.0,44.38,27.44,47.38
2664.643,28.0,44.38,27.44,47.38
2666.717,28.0,44.38,27.44,47.38
2668.794,28.0,44.38,27.44,47.38
2670.88,28.0,44.38,27.44,47.38
2672.96,28.0,44.44,27.44,47.38
2675.045,28.0,44.38,27.5,47.31
2677.13,28.0,44.38,27.5,47.38
2679.214,28.0,44.38,27.5,47.31
2681.296,28.0,44.38,27.5,47.31
2683.38,28.0,44.38,27.5,47.31
2685.416,28.0,44.38,27.5,47.31
2687.503,28.0,44.38,27.5,47.31
2689.58,28.0,44.44,27.5,47.31
2691.665,28.0,44.44,27.5,47.38
2693.75,28.0,44.44,27.5,47.31
2695.834,28.0,44.44,27.5,47.38
2697.928,28.0,44.44,27.5,47.38
2699.969,28.0,44.44,27.5,47.31
2702.049,28.0,44.44,27.56,47.31
2704.131,28.0,44.44,27.56,47.38
2706.212,28.0,44.44,27.56,47.38
2708.333,28.0,44.5,27.56,47.38
2710.369,28.0,44.5,27.56,47.38
2712.453,28.0,44.5,27.56,47.31
2714.534,28.0,44.5,27.56,47.38
2716.622,28.0,44.5,27.56,47.31
2718.704,28.0,44.5,27.56,47.31
2720.783,28.0,44.5,27.56,47.31
2722.864,28.0,44.5,27.56,47.31
2724.942,28.0,44.5,27.56,47.31
2727.026,28.5,44.44,27.56,47.31
2729.104,28.0,44.44,27.56,47.31
2731.18,28.0,44.44,27.56,47.31
2733.256,28.5,44.44,27.56,47.31
2735.345,28.5,44.44,27.56,47.31
2737.429,28.5,44.44,27.56,47.25
2739.511,28.0,44.44,27.56,47.31
2741.595,28.5,44.44,27.56,47.25
2743.677,28.5,44.38,27.56,47.25
2745.719,28.0,44.38,27.56,47.25
2747.837,28.5,44.38,27.56,47.19
2749.914,28.0,44.38,27.62,47.25
2751.997,28.0,44.38,27.62,47.25
2754.079,28.0,44.31,27.62,47.25
2756.156,28.0,44.31,27.62,47.19
2758.233,28.5,44.31,27.62,47.25
2760.317,28.0,44.31,27.62,47.25
2762.361,28.0,44.31,27.62,47.25
2764.447,28.0,44.31,27.62,47.25
2766.522,28.0,44.31,27.62,47.19
2768.603,28.0,44.31,27.62,47.19
2770.683,28.0,44.31,27.62,47.19
2772.766,28.0,44.31,27.62,47.25
2774.855,28.0,44.31,27.62,47.19
2776.931,28.0,44.31,27.62,47.19
2778.999,28.0,44.31,27.62,47.19
2781.109,28.5,44.31,27.62,47.19
2783.186,28.0,44.31,27.62,47.19
2785.269,28.0,44.31,27.69,47.19
2787.347,28.5,44.31,27.62,47.19
2789.431,28.0,44.31,27.62,47.25
2791.506,28.5,44.31,27.69,47.19
2793.589,28.5,44.25,27.69,47.25
2795.665,28.0,44.31,27.69,47.25
2797.705,28.5,44.31,27.69,47.25
2799.784,28.5,44.31,27.69,47.25
2801.867,28.5,44.31,27.69,47.25
2803.949,28.5,44.31,27.62,47.25
2806.027,28.5,44.31,27.69,47.25
2808.109,28.5,44.31,27.69,47.25
2810.196,28.5,44.31,27.69,47.25
2812.271,28.5,44.31,27.69,47.25
2814.353,28.5,44.38,27.62,47.31
2816.432,28.5,44.38,27.69,47.38
2818.517,28.5,44.44,27.69,47.38
2820.601,28.5,44.44,27.69,47.38
2822.682,28.5,44.44,27.69,47.38
2824.757,28.5,44.44,27.69,47.38
2826.836,28.5,44.5,27.69,47.38
2828.909,28.5,44.5,27.69,47.38
2830.983,28.5,44.5,27.69,47.38
2833.052,28.5,44.5,27.69,47.38
2835.174,28.5,44.5,27.69,47.44
2837.255,28.5,44.5,27.69,47.44
2839.293,28.5,44.56,27.69,47.5
2841.409,28.5,44.56,27.69,47.5
2843.485,28.5,44.56,27.69,47.5
2845.562,28.5,44.63,27.69,47.44
2847.642,28.5,44.63,27.69,47.5
2849.726,28.5,44.56,27.69,47.44
2851.805,28.5,44.56,27.69,47.44
2853.877,28.5,44.56,27.75,47.5
2855.952,28.5,44.56,27.69,47.44
2858.04,28.5,44.56,27.69,47.5
2860.118,28.5,44.56,27.75,47.5
2862.202,28.5,44.63,27.69,47.5
2864.244,28.5,44.63,27.69,47.56
2866.368,28.5,44.63,27.69,47.56
2868.446,28.5,44.63,27.69,47.63
2870.489,28.5,44.69,27.69,47.63
2872.573,28.5,44.69,27.69,47.63
2874.655,28.5,44.63,27.69,47.63
2876.727,28.5,44.69,27.69,47.69
2878.809,28.5,44.69,27.69,47.69
2880.894,28.5,44.69,27.69,47.69
2882.977,28.5,44.69,27.69,47.69
2885.05,28.5,44.69,27.69,47.69
2887.135,28.5,44.69,27.75,47.69
2889.212,28.5,44.69,27.75,47.69
2891.291,28.5,44.69,27.75,47.69
2893.378,28.5,44.69,27.75,47.63
2895.457,28.5,44.69,27.75,47.63
2897.548,28.5,44.69,27.75,47.63
2899.64,28.5,44.69,27.75,47.63
2901.674,28.5,44.69,27.75,47.63
2903.752,28.5,44.69,27.75,47.63
2905.874,28.5,44.69,27.75,47.69
2907.951,28.5,44.69,27.75,47.69
2910.033,28.5,44.69,27.81,47.69
2912.069,28.5,44.69,27.81,47.69
2914.154,28.5,44.69,27.81,47.69
2916.236,28.5,44.63,27.81,47.63
2918.311,28.5,44.63,27.81,47.63
2920.393,28.5,44.63,27.75,47.63
2922.472,28.5,44.63,27.81,47.63
2924.56,28.5,44.63,27.81,47.63
2926.634,28.5,44.63,27.81,47.69
2928.711,28.5,44.63,27.81,47.69
2930.797,28.5,44.63,27.81,47.69
2932.874,28.5,44.63,27.81,47.69
2934.962,28.5,44.69,27.81,47.69
2937.045,28.5,44.63,27.81,47.69
2939.13,28.5,44.63,27.81,47.69
2941.206,28.5,44.63,27.81,47.69
2943.286,28.5,44.63,27.81,47.69
2945.368,28.5,44.69,27.87,47.69
2947.448,28.5,44.63,27.81,47.69
2949.53,28.5,44.63,27.87,47.69
2951.618,28.5,44.63,27.81,47.69
2953.661,28.5,44.63,27.87,47.69
2955.737,28.5,44.63,27.87,47.63
2957.816,28.5,44.63,27.87,47.69
2959.895,28.5,44.63,27.87,47.63
2962.018,28.5,44.63,27.87,47.63
2964.095,28.5,44.63,27.87,47.69
2966.132,28.5,44.63,27.87,47.63
2968.214,28.5,44.63,27.87,47.63
2970.297,28.5,44.63,27.87,47.63
2972.377,28.5,44.56,27.87,47.63
2974.465,28.5,44.63,27.87,47.63
2976.553,28.5,44.63,27.87,47.63
2978.641,28.5,44.56,27.87,47.56
2980.731,28.5,44.56,27.87,47.56
2982.771,28.5,44.56,27.87,47.56
2984.854,28.5,44.56,27.87,47.56
2986.935,28.5,44.56,27.87,47.56
2989.023,28.5,44.56,27.87,47.56
2991.111,28.5,44.56,27.87,47.63
2993.194,28.5,44.56,27.81,47.56
2995.276,28.5,44.56,27.87,47.56
2997.357,28.5,44.56,27.87,47.5
2999.436,28.5,44.56,27.87,47.5
3001.525,28.5,44.56,27.87,47.5
3003.568,28.5,44.5,27.87,47.5
3005.649,28.5,44.5,27.87,47.5
3007.73,28.5,44.5,27.87,47.44
3009.808,28.5,44.44,27.87,47.44
3011.888,28.5,44.44,27.94,47.44
3013.973,28.5,44.44,27.94,47.44
3016.054,28.5,44.44,27.87,47.38
3018.144,28.5,44.44,27.94,47.38
3020.224,28.5,44.44,27.94,47.38
3022.3,28.5,44.44,27.94,47.38
3024.375,28.5,44.38,27.94,47.38
3026.455,28.5,44.38,27.94,47.31
3028.536,28.5,44.44,27.94,47.31
3030.615,28.5,44.38,27.94,47.31
3032.702,28.5,44.38,27.94,47.31
3034.79,28.5,44.38,27.94,47.31
3036.869,28.5,44.38,27.94,47.31
3038.913,28.5,44.31,27.94,47.25
3040.992,28.5,44.31,27.94,47.25
3043.07,28.5,44.31,27.94,47.25
3045.155,28.5,44.31,27.94,47.25
3047.241,28.5,44.31,27.94,47.25
3049.334,28.5,44.31,27.94,47.25
3051.412,28.5,44.31,27.94,47.25
3053.482,28.5,44.31,27.94,47.25
3055.56,28.5,44.31,27.94,47.25
3057.639,28.5,44.31,27.94,47.19
3059.724,28.5,44.31,27.94,47.19
3061.811,28.5,44.25,27.94,47.19
3063.893,28.5,44.31,27.94,47.19
3065.976,28.5,44.31,27.94,47.19
3068.059,28.5,44.31,27.94,47.19
3070.14,28.5,44.31,28.0,47.19
3072.182,28.5,44.31,27.94,47.19
3074.263,28.5,44.31,27.94,47.19
3076.348,28.5,44.31,27.94,47.13
3078.424,28.5,44.31,28.0,47.19
3080.545,28.5,44.38,27.94,47.13
3082.588,28.5,44.31,27.94,47.13
3084.67,28.5,44.38,28.0,47.13
3086.759,28.5,44.31,27.94,47.13
3088.838,28.5,44.31,27.94,47.13
3090.916,28.5,44.31,27.94,47.06
3092.998,28.5,44.31,27.94,47.06
3095.086,28.5,44.25,27.94,47.06
3097.171,28.5,44.31,28.0,47.13
3099.253,28.5,44.31,27.94,47.13
3101.33,28.5,44.25,28.0,47.13
3103.407,28.5,44.25,28.0,47.19
3105.497,28.5,44.25,27.94,47.19
3107.536,28.5,44.25,28.0,47.13
3109.618,28.5,44.25,28.0,47.13
3111.698,28.5,44.25,28.0,47.13
3113.779,28.5,44.25,28.0,47.13
3115.869,28.5,44.25,28.0,47.13
3117.953,28.5,44.31,28.0,47.13
3120.032,28.5,44.25,28.0,47.13
3122.114,28.5,44.25,28.0,47.13
3124.188,28.5,44.25,28.0,47.13
3126.268,28.5,44.25,28.0,47.13
3128.348,28.5,44.25,28.0,47.13
3130.432,28.5,44.25,28.0,47.13
3132.509,28.5,44.25,28.0,47.13
3134.594,28.5,44.25,28.0,47.13
3136.678,28.5,44.25,28.0,47.13
3138.763,28.5,44.25,28.0,47.13
3140.842,28.5,44.25,28.0,47.19
3142.918,28.5,44.25,28.0,47.19
3144.995,28.5,44.31,28.0,47.19
3147.042,28.5,44.25,28.06,47.19
3149.165,28.5,44.31,28.0,47.25
3151.242,28.5,44.31,28.0,47.25
3153.277,28.5,44.31,28.0,47.25
3155.365,28.5,44.31,28.0,47.25
3157.45,28.5,44.31,28.0,47.25
3159.524,28.5,44.31,28.0,47.25
3161.599,28.5,44.31,28.0,47.19
3163.69,28.5,44.31,28.0,47.19
3165.779,28.5,44.31,28.06,47.19
3167.863,28.5,44.31,28.06,47.19
3169.945,28.5,44.31,28.0,47.19
3172.029,28.5,44.38,28.06,47.19
3174.114,28.5,44.38,28.06,47.19
3176.159,28.5,44.38,28.06,47.19
3178.24,28.5,44.38,28.06,47.19
3180.32,28.5,44.44,28.06,47.25
3182.404,28.5,44.44,28.06,47.25
3184.49,28.5,44.44,28.06,47.19
3186.571,28.5,44.44,28.06,47.19
3188.656,28.5,44.5,28.06,47.19
3190.743,28.5,44.44,28.06,47.19
3192.825,28.5,44.44,28.06,47.19
3194.905,28.5,44.44,28.06,47.19
3196.989,28.5,44.5,28.06,47.25
3199.028,28.5,44.5,28.06,47.31
3201.109,28.5,44.56,28.06,47.31
3203.192,28.5,44.56,28.06,47.38
3205.276,29.0,44.56,28.06,47.38
3207.365,28.5,44.56,28.06,47.38
3209.444,28.5,44.63,28.06,47.38
3211.522,28.5,44.63,28.06,47.44
3213.609,28.5,44.63,28.12,47.5
3215.698,29.0,44.69,28.06,47.5
3217.74,29.0,44.69,28.06,47.5
3219.824,29.0,44.69,28.06,47.5
3221.908,29.0,44.69,28.06,47.5
3223.995,29.0,44.69,28.06,47.5
3226.072,29.0,44.69,28.06,47.56
3228.153,29.0,44.69,28.06,47.56
3230.244,29.0,44.75,28.06,47.56
3232.315,29.0,44.69,28.12,47.56
3234.385,29.0,44.69,28.06,47.56
3236.464,29.0,44.75,28.12,47.56
3238.55,29.0,44.75,28.12,47.56
3240.63,29.0,44.69,28.12,47.56
3242.718,29.0,44.69,28.12,47.56
3244.804,29.0,44.69,28.12,47.63
3246.881,29.0,44.69,28.12,47.63
3248.959,29.0,44.69,28.12,47.63
3251.039,29.0,44.69,28.12,47.63
3253.12,29.0,44.69,28.12,47.63
3255.2,29.0,44.69,28.12,47.63
3257.281,29.0,44.69,28.12,47.56
3259.361,29.0,44.69,28.12,47.56
3261.446,29.0,44.63,28.12,47.63
3263.527,29.0,44.63,28.12,47.63
3265.598,29.0,44.63,28.12,47.63
3267.676,29.0,44.63,28.12,47.56
3269.766,29.0,44.56,28.12,47.5
3271.847,29.0,44.56,28.19,47.5
3273.881,29.0,44.56,28.12,47.44
3275.968,29.0,44.56,28.12,47.44
3278.043,29.0,44.56,28.12,47.5
3280.164,29.0,44.5,28.12,47.5
3282.238,29.0,44.5,28.19,47.5
3284.322,29.0,44.56,28.19,47.5
3286.399,29.0,44.5,28.19,47.56
3288.437,29.0,44.5,28.19,47.56
3290.558,29.0,44.5,28.12,47.56
3292.594,29.0,44.56,28.12,47.56
3294.676,29.0,44.5,28.12,47.56
3296.762,29.0,44.56,28.12,47.63
3298.844,29.0,44.56,28.12,47.56
3300.924,29.0,44.56,28.12,47.56
3303.004,29.0,44.63,28.12,47.56
3305.081,29.0,44.63,28.12,47.56
3307.156,29.0,44.63,28.12,47.56
3309.242,29.0,44.63,28.12,47.56
3311.334,29.0,44.63,28.12,47.56
3313.414,29.0,44.63,28.12,47.63
3315.498,29.0,44.69,28.12,47.63
3317.576,29.0,44.69,28.12,47.63
3319.659,29.0,44.69,28.12,47.69
3321.747,29.0,44.69,28.12,47.69
3323.827,29.0,44.69,28.19,47.69
3325.909,29.0,44.69,28.12,47.63
3327.943,29.0,44.69,28.12,47.69
3330.068,29.0,44.69,28.12,47.69
3332.142,29.0,44.69,28.19,47.69
3334.224,29.0,44.75,28.19,47.63
3336.264,29.0,44.75,28.12,47.63
3338.346,29.0,44.69,28.12,47.63
3340.42,29.0,44.69,28.19,47.63
3342.542,29.0,44.69,28.19,47.63
3344.617,29.0,44.69,28.19,47.63
3346.694,29.0,44.69,28.12,47.56
3348.773,29.0,44.69,28.19,47.56
3350.851,29.0,44.63,28.19,47.56
3352.93,29.0,44.69,28.19,47.56
3355.011,29.0,44.69,28.19,47.63
3357.09,29.0,44.63,28.19,47.63
3359.17,29.0,44.69,28.19,47.63
3361.247,29.0,44.69,28.19,47.63
3363.327,29.0,44.69,28.19,47.69
3365.406,29.0,44.69,28.19,47.69
3367.479,29.0,44.75,28.19,47.69
3369.556,29.0,44.75,28.19,47.69
3371.627,29.0,44.75,28.19,47.69
3373.706,29.0,44.69,28.19,47.69
3375.79,29.0,44.69,28.19,47.69
3377.869,29.0,44.69,28.19,47.63
3379.944,29.0,44.69,28.19,47.56
3382.024,29.0,44.69,28.19,47.56
3384.098,29.0,44.69,28.19,47.56
3386.173,29.0,44.63,28.19,47.56
3388.257,29.0,44.63,28.19,47.56
3390.345,29.0,44.63,28.19,47.56
3392.433,29.0,44.63,28.19,47.56
3394.513,29.0,44.63,28.19,47.5
3396.591,29.0,44.63,28.25,47.5
3398.673,29.0,44.56,28.25,47.5
3400.751,29.0,44.56,28.25,47.5
3402.831,29.0,44.56,28.25,47.5
3404.913,29.0,44.56,28.25,47.44
3406.988,29.0,44.56,28.19,47.44
3409.067,29.0,44.5,28.25,47.44
3411.153,29.0,44.5,28.25,47.44
3413.232,29.0,44.5,28.25,47.44
3415.306,29.0,44.5,28.25,47.5
3417.383,29.0,44.5,28.25,47.5
3419.462,29.0,44.5,28.25,47.5
3421.548,29.0,44.5,28.25,47.5
3423.632,29.0,44.5,28.25,47.5
3425.714,29.0,44.5,28.25,47.5
3427.788,29.0,44.5,28.25,47.44
3429.871,29.0,44.5,28.25,47.44
3431.953,29.0,44.5,28.25,47.5
3433.995,29.0,44.5,28.25,47.44
3436.073,29.0,44.5,28.25,47.44
3438.158,29.0,44.44,28.25,47.44
3440.235,29.0,44.5,28.25,47.44
3442.323,29.0,44.44,28.25,47.44
3444.408,29.0,44.44,28.25,47.44
3446.49,29.0,44.44,28.25,47.44
3448.576,29.0,44.44,28.25,47.44
3450.661,29.0,44.44,28.25,47.38
3452.746,29.0,44.44,28.25,47.38
3454.822,29.0,44.44,28.25,47.38
3456.898,29.0,44.44,28.25,47.38
3458.979,29.0,44.44,28.25,47.38
3461.022,29.0,44.44,28.25,47.31
3463.114,29.0,44.44,28.25,47.31
3465.197,29.0,44.44,28.25,47.31
3467.277,29.0,44.44,28.25,47.31
3469.361,29.0,44.44,28.25,47.31
3471.44,29.0,44.44,28.25,47.31
3473.522,29.0,44.44,28.25,47.31
3475.617,29.0,44.44,28.25,47.38
3477.697,29.0,44.44,28.25,47.38
3479.74,29.0,44.44,28.25,47.38
3481.822,29.0,44.44,28.25,47.44
3483.906,29.0,44.5,28.25,47.44
3485.993,29.0,44.5,28.31,47.44
3488.076,29.0,44.5,28.31,47.44
3490.161,29.0,44.5,28.31,47.44
3492.24,29.0,44.5,28.31,47.44
3494.325,29.0,44.5,28.25,47.44
3496.405,29.0,44.5,28.31,47.44
3498.493,29.0,44.5,28.31,47.44
3500.533,29.0,44.5,28.31,47.44
3502.618,29.0,44.5,28.31,47.44
3504.698,29.0,44.5,28.31,47.44
3506.775,29.0,44.5,28.31,47.44
3508.856,29.0,44.5,28.31,47.5
3510.944,29.0,44.5,28.31,47.44
3513.026,29.0,44.56,28.31,47.5
3515.107,29.0,44.56,28.31,47.5
3517.194,29.0,44.56,28.31,47.56
3519.268,29.0,44.56,28.31,47.56
3521.358,29.0,44.56,28.31,47.56
3523.436,29.0,44.63,28.31,47.56
3525.518,29.0,44.63,28.31,47.63
3527.599,29.0,44.63,28.31,47.63
3529.688,29.0,44.63,28.31,47.63
3531.733,29.0,44.63,28.37,47.63
3533.842,29.0,44.63,28.31,47.63
3535.884,29.0,44.69,28.31,47.69
3537.961,29.0,44.69,28.31,47.69
3540.081,29.0,44.69,28.31,47.69
3542.159,29.0,44.69,28.31,47.69
3544.24,29.0,44.69,28.31,47.69
3546.279,29.0,44.69,28.31,47.69
3548.358,29.0,44.69,28.31,47.69
3550.434,29.0,44.69,28.31,47.69
3552.522,29.0,44.75,28.31,47.63
3554.593,29.0,44.69,28.31,47.63
3556.674,29.0,44.69,28.31,47.63
3558.755,29.0,44.69,28.31,47.63
3560.835,29.0,44.69,28.31,47.63
3562.919,29.0,44.69,28.31,47.63
3564.992,29.0,44.69,28.31,47.63
3567.075,29.0,44.69,28.31,47.63
3569.15,29.0,44.63,28.31,47.56
3571.233,29.0,44.63,28.31,47.56
3573.308,29.0,44.63,28.31,47.56
3575.388,29.0,44.56,28.31,47.5
3577.467,29.0,44.56,28.31,47.5
3579.589,29.0,44.56,28.31,47.44
3581.664,29.0,44.5,28.31,47.44
3583.707,29.0,44.5,28.31,47.44
3585.79,29.0,44.5,28.31,47.44
3587.879,29.0,44.44,28.31,47.44
3589.962,29.0,44.5,28.31,47.44
3592.04,29.0,44.44,28.31,47.44
3594.114,29.0,44.44,28.31,47.44
3596.199,29.0,44.44,28.31,47.44
3598.277,29.0,44.5,28.31,47.38
3600.349,29.0,44.5,28.31,47.38
3602.428,29.0,44.5,28.31,47.38
3604.504,29.0,44.5,28.31,47.38
3606.578,29.0,44.5,28.31,47.44
3608.66,29.0,44.5,28.31,47.44
3610.738,29.0,44.5,28.37,47.38
3612.812,29.0,44.5,28.31,47.38
3614.896,29.0,44.5,28.31,47.38
3616.974,29.0,44.56,28.31,47.38
3619.095,29.0,44.56,28.31,47.44
3621.171,29.0,44.5,28.31,47.38
3623.25,29.0,44.56,28.31,47.38
3625.328,29.0,44.5,28.31,47.38
3627.409,29.0,44.5,28.37,47.38
3629.49,29.0,44.56,28.37,47.38
3631.527,29.0,44.5,28.31,47.38
3633.649,29.0,44.56,28.37,47.38
3635.687,29.0,44.56,28.37,47.44
3637.77,29.0,44.5,28.31,47.38
3639.846,29.0,44.5,28.37,47.44
3641.924,29.0,44.56,28.37,47.44
3644.007,29.0,44.5,28.37,47.44
3646.089,29.0,44.56,28.37,47.38
3648.168,29.0,44.56,28.31,47.38
3650.249,29.0,44.56,28.37,47.38
3652.334,29.0,44.5,28.37,47.38
3654.408,29.0,44.56,28.37,47.38
3656.491,29.0,44.56,28.31,47.38
3658.578,29.0,44.56,28.31,47.38
3660.662,29.0,44.56,28.37,47.38
3662.741,29.0,44.56,28.31,47.38
3664.823,29.0,44.5,28.31,47.38
3666.89,29.0,44.5,28.37,47.31
3668.963,29.0,44.5,28.31,47.31
3671.053,29.0,44.44,28.31,47.31
3673.133,29.0,44.44,28.31,47.38
3675.208,29.0,44.44,28.37,47.38
3677.29,29.0,44.44,28.31,47.31
3679.37,29.0,44.44,28.37,47.38
3681.451,29.0,44.44,28.37,47.38
3683.538,29.0,44.44,28.37,47.31
3685.616,29.0,44.44,28.37,47.31
3687.7,29.0,44.44,28.37,47.31
3689.781,29.0,44.44,28.37,47.25
3691.861,29.0,44.44,28.37,47.31
3693.939,29.0,44.38,28.37,47.31
3696.022,29.0,44.44,28.37,47.31
3698.102,29.0,44.38,28.37,47.31
3700.173,29.0,44.44,28.37,47.31
3702.256,29.0,44.44,28.37,47.31
3704.331,29.0,44.38,28.37,47.25
3706.422,29.0,44.38,28.37,47.31
3708.477,29.0,44.38,28.37,47.31
3710.554,29.0,44.38,28.37,47.31
3712.631,29.0,44.38,28.37,47.25
3714.714,29.0,44.38,28.37,47.31
3716.795,29.0,44.38,28.37,47.31
3718.875,29.0,44.38,28.37,47.31
3720.958,29.0,44.38,28.37,47.31
3723.036,29.0,44.38,28.37,47.31
3725.117,29.0,44.38,28.37,47.25
3727.202,29.0,44.38,28.37,47.31
3729.281,29.0,44.38,28.37,47.31
3731.367,29.0,44.38,28.37,47.31
3733.448,29.0,44.38,28.44,47.31
3735.529,29.0,44.44,28.37,47.31
3737.616,29.0,44.44,28.37,47.31
3739.695,29.0,44.44,28.44,47.38
3741.738,29.0,44.44,28.37,47.38
3743.816,29.0,44.44,28.37,47.38
3745.936,29.0,44.44,28.37,47.38
3747.976,29.0,44.44,28.37,47.38
3750.058,29.0,44.44,28.37,47.38
3752.139,29.0,44.5,28.44,47.44
3754.225,29.0,44.5,28.37,47.44
3756.3,29.0,44.5,28.44,47.44
3758.374,29.0,44.56,28.44,47.5
3760.453,29.0,44.56,28.44,47.5
3762.535,29.0,44.56,28.44,47.5
3764.619,29.0,44.56,28.44,47.56
3766.7,29.0,44.56,28.44,47.56
3768.774,29.0,44.56,28.44,47.56
3770.858,29.0,44.56,28.44,47.56
3772.937,29.0,44.56,28.44,47.5
3775.012,29.0,44.63,28.44,47.5
3777.086,29.0,44.56,28.44,47.56
3779.161,29.0,44.63,28.44,47.5
3781.247,29.0,44.56,28.44,47.5
3783.33,29.0,44.56,28.44,47.56
3785.403,29.0,44.56,28.44,47.56
3787.484,29.0,44.56,28.44,47.56
3789.56,29.0,44.56,28.5,47.5
3791.647,29.0,44.56,28.44,47.56
3793.728,29.0,44.56,28.5,47.56
3795.802,29.0,44.56,28.44,47.56
3797.884,29.0,44.56,28.44,47.56
3799.963,29.5,44.56,28.44,47.63
3802.037,29.0,44.56,28.37,47.63
3804.118,29.0,44.56,28.44,47.63
3806.192,29.0,44.56,28.44,47.63
3808.277,29.0,44.63,28.44,47.63
3810.354,29.0,44.63,28.44,47.63
3812.433,29.0,44.63,28.44,47.63
3814.51,29.0,44.63,28.44,47.63
3816.588,29.0,44.63,28.44,47.63
3818.666,29.0,44.63,28.44,47.69
3820.791,29.0,44.63,28.44,47.69
3822.823,29.0,44.63,28.44,47.69
3824.903,29.0,44.63,28.44,47.63
3827.027,29.0,44.69,28.44,47.63
3829.102,29.0,44.63,28.44,47.63
3831.185,29.0,44.63,28.44,47.63
3833.259,29.0,44.63,28.44,47.56
3835.331,29.0,44.63,28.44,47.56
3837.379,29.0,44.63,28.44,47.5
3839.5,29.0,44.63,28.44,47.56
3841.538,29.0,44.63,28.44,47.5
3843.661,29.0,44.63,28.44,47.5
3845.735,29.0,44.63,28.44,47.5
3847.806,29.0,44.56,28.44,47.5
3849.877,29.0,44.63,28.44,47.5
3851.951,29.0,44.63,28.44,47.5
3854.039,29.0,44.63,28.44,47.5
3856.121,29.0,44.56,28.44,47.5
3858.192,29.0,44.56,28.44,47.5
3860.271,29.0,44.56,28.44,47.5
3862.352,29.0,44.56,28.44,47.5
3864.429,29.0,44.56,28.44,47.5
3866.512,29.0,44.63,28.44,47.5
3868.59,29.0,44.63,28.44,47.56
3870.666,29.0,44.56,28.5,47.5
3872.739,29.0,44.56,28.5,47.5
3874.813,29.0,44.63,28.5,47.5
3876.896,29.0,44.63,28.5,47.5
3878.975,29.0,44.56,28.5,47.5
3881.061,29.0,44.63,28.5,47.5
3883.144,29.0,44.63,28.5,47.5
3885.225,29.0,44.63,28.44,47.5
3887.303,29.0,44.63,28.5,47.5
3889.377,29.0,44.63,28.5,47.5
3891.456,29.0,44.63,28.5,47.5
3893.539,29.0,44.63,28.44,47.5
3895.626,29.0,44.63,28.5,47.5
3897.708,29.0,44.63,28.44,47.44
3899.783,29.0,44.63,28.5,47.44
3901.864,29.0,44.56,28.5,47.44
3903.946,29.0,44.56,28.5,47.44
3906.027,29.0,44.56,28.5,47.44
3908.104,29.0,44.56,28.5,47.38
3910.186,29.0,44.5,28.5,47.38
3912.268,29.0,44.5,28.5,47.38
3914.348,29.0,44.5,28.5,47.31
3916.419,29.0,44.5,28.5,47.31
3918.498,29.0,44.5,28.44,47.31
3920.582,29.0,44.5,28.5,47.31
3922.662,29.0,44.5,28.5,47.31
3924.736,29.0,44.5,28.5,47.31
3926.815,29.0,44.44,28.5,47.25
3928.898,29.0,44.44,28.5,47.25
3930.981,29.0,44.44,28.5,47.19
3933.058,29.0,44.44,28.5,47.25
3935.137,29.0,44.44,28.5,47.25
3937.223,29.0,44.38,28.5,47.25
3939.299,29.0,44.38,28.5,47.19
3941.376,29.0,44.38,28.5,47.19
3943.452,29.0,44.38,28.5,47.13
3945.536,29.0,44.38,28.5,47.13
3947.612,29.0,44.38,28.5,47.13
3949.69,29.0,44.38,28.5,47.13
3951.767,29.0,44.38,28.5,47.13
3953.843,29.0,44.38,28.5,47.13
3955.924,29.0,44.38,28.5,47.13
3958.013,29.0,44.38,28.5,47.06
3960.092,29.0,44.31,28.5,47.13
3962.172,29.0,44.31,28.5,47.13
3964.25,29.0,44.31,28.5,47.13
3966.328,29.0,44.31,28.5,47.06
3968.414,29.0,44.31,28.5,47.06
3970.492,29.0,44.31,28.56,47.06
3972.535,29.0,44.31,28.56,47.06
3974.615,29.0,44.31,28.5,47.06
3976.735,29.0,44.31,28.5,47.06
3978.813,29.0,44.31,28.5,47.06
3980.851,29.0,44.31,28.5,47.06
3982.936,29.0,44.31,28.56,47.06
3985.023,29.0,44.31,28.56,47.06
3987.099,29.0,44.31,28.56,47.06
3989.174,29.0,44.25,28.56,47.06
3991.259,29.0,44.31,28.5,47.06
3993.34,29.0,44.25,28.56,47.06
3995.42,29.0,44.25,28.56,47.06
3997.501,29.0,44.25,28.5,47.06
3999.574,29.0,44.25,28.56,47.06
4001.655,29.0,44.25,28.56,47.06
4003.74,29.0,44.31,28.56,47.06
4005.825,29.0,44.25,28.56,47.06
4007.908,29.0,44.25,28.56,47.06
4009.98,29.0,44.25,28.56,47.0
4012.055,29.0,44.25,28.5,47.06
4014.134,29.0,44.25,28.56,47.0
4016.205,29.0,44.25,28.5,47.0
4018.293,29.0,44.25,28.56,47.0
4020.379,29.0,44.25,28.56,47.06
4022.457,29.0,44.25,28.5,47.06
4024.536,29.0,44.31,28.56,47.06
4026.612,29.0,44.25,28.5,47.13
4028.683,29.0,44.25,28.5,47.13
4030.763,29.0,44.31,28.56,47.13
4032.84,29.0,44.31,28.56,47.13
4034.92,29.0,44.31,28.5,47.19
4036.996,29.0,44.31,28.56,47.19
4039.087,29.0,44.31,28.56,47.19
4041.166,29.0,44.31,28.56,47.19
4043.246,29.0,44.31,28.56,47.13
4045.332,29.0,44.31,28.56,47.25
4047.41,29.0,44.38,28.56,47.25
4049.486,29.0,44.38,28.56,47.25
4051.562,29.0,44.38,28.56,47.25
4053.638,29.5,44.38,28.56,47.31
4055.725,29.0,44.44,28.56,47.31
4057.801,29.0,44.44,28.56,47.25
4059.871,29.5,44.44,28.56,47.25
4061.951,29.5,44.44,28.56,47.31
4064.034,29.0,44.44,28.56,47.31
4066.11,29.5,44.44,28.56,47.31
4068.189,29.0,44.44,28.56,47.31
4070.269,29.0,44.44,28.56,47.31
4072.382,29.0,44.5,28.56,47.38
4074.46,29.0,44.44,28.56,47.38
4076.542,29.0,44.44,28.56,47.38
4078.623,29.0,44.5,28.56,47.38
4080.7,29.0,44.44,28.56,47.38
4082.776,29.0,44.5,28.56,47.38
4084.852,29.0,44.5,28.56,47.38
4086.934,29.0,44.5,28.56,47.38
4089.004,29.0,44.5,28.56,47.44
4091.085,29.5,44.5,28.56,47.44
4093.164,29.5,44.5,28.62,47.44
4095.239,29.5,44.56,28.56,47.5
4097.317,29.5,44.56,28.62,47.5
4099.398,29.5,44.56,28.56,47.56
4101.482,29.5,44.56,28.56,47.56
4103.563,29.5,44.56,28.56,47.5
4105.641,29.5,44.56,28.62,47.56
4107.719,29.5,44.56,28.62,47.5
4109.794,29.5,44.56,28.56,47.56
4111.875,29.5,44.56,28.62,47.56
4113.965,29.5,44.56,28.56,47.56
4116.037,29.5,44.63,28.56,47.63
4118.116,29.5,44.63,28.56,47.63
4120.204,29.5,44.69,28.56,47.69
4122.285,29.5,44.69,28.56,47.69
4124.368,29.5,44.69,28.56,47.75
4126.443,29.5,44.69,28.56,47.75
4128.481,29.5,44.75,28.56,47.75
4130.603,29.5,44.75,28.56,47.81
4132.641,29.5,44.81,28.56,47.81
4134.738,29.5,44.81,28.56,47.81
4136.821,29.5,44.81,28.56,47.81
4138.904,29.5,44.88,28.56,47.81
4140.983,29.5,44.81,28.56,47.75
4143.063,29.5,44.81,28.56,47.75
4145.14,29.5,44.81,28.56,47.69
4147.226,29.5,44.81,28.56,47.69
4149.301,29.5,44.75,28.56,47.63
4151.376,29.5,44.75,28.56,47.63
4153.464,29.5,44.75,28.56,47.63
4155.551,29.5,44.75,28.56,47.56
4157.635,29.5,44.75,28.56,47.56
4159.669,29.5,44.75,28.56,47.5
4161.754,29.5,44.75,28.56,47.5
4163.875,29.5,44.75,28.56,47.5
4165.951,29.5,44.75,28.56,47.56
4168.029,29.5,44.75,28.62,47.56
4170.108,29.5,44.81,28.56,47.56
4172.188,29.5,44.81,28.56,47.63
4174.264,29.5,44.81,28.56,47.69
4176.302,29.5,44.81,28.56,47.69
4178.423,29.5,44.81,28.56,47.69
4180.467,29.5,44.81,28.56,47.69
4182.546,29.5,44.81,28.56,47.69
4184.632,29.5,44.81,28.56,47.69
4186.706,29.5,44.81,28.56,47.69
4188.789,29.5,44.81,28.56,47.69
4190.875,29.5,44.75,28.56,47.63
4192.962,29.5,44.75,28.56,47.63
4195.042,29.5,44.75,28.56,47.56
4197.129,29.5,44.69,28.56,47.5
4199.209,29.5,44.69,28.62,47.5
4201.288,29.5,44.63,28.56,47.5
4203.37,29.5,44.63,28.56,47.5
4205.45,29.5,44.63,28.56,47.44
4207.532,29.5,44.63,28.62,47.44
4209.612,29.5,44.63,28.56,47.44
4211.656,29.5,44.63,28.62,47.44
4213.777,29.5,44.63,28.56,47.44
4215.843,29.5,44.63,28.62,47.44
4217.935,29.5,44.63,28.62,47.44
4220.01,29.5,44.63,28.56,47.44
4222.092,29.5,44.63,28.62,47.44
4224.138,29.5,44.56,28.56,47.44
4226.223,29.5,44.56,28.56,47.5
4228.307,29.5,44.56,28.62,47.5
4230.387,29.5,44.56,28.62,47.5
4232.47,29.0,44.56,28.62,47.5
4234.564,29.0,44.56,28.62,47.5
4236.618,29.0,44.5,28.62,47.5
4238.714,29.0,44.56,28.62,47.56
4240.795,29.0,44.56,28.62,47.5
4242.889,29.0,44.56,28.62,47.5
4244.949,29.0,44.56,28.62,47.5
4247.014,29.0,44.56,28.62,47.5
4249.113,29.0,44.56,28.62,47.5
4251.192,29.0,44.56,28.62,47.5
4253.283,29.0,44.56,28.62,47.5
4255.315,29.0,44.56,28.62,47.5
4257.431,29.5,44.5,28.62,47.5
4259.49,29.5,44.5,28.62,47.5
4261.575,29.0,44.56,28.62,47.5
4263.656,29.0,44.5,28.62,47.5
4265.714,29.5,44.56,28.62,47.5
4267.794,29.0,44.56,28.62,47.5
4269.892,29.0,44.56,28.62,47.5
4271.997,29.5,44.56,28.62,47.5
4274.058,29.0,44.56,28.62,47.5
4276.124,29.0,44.56,28.62,47.5
4278.217,29.0,44.5,28.62,47.5
4280.28,29.0,44.5,28.62,47.5
4282.376,29.0,44.5,28.62,47.5
4284.44,29.0,44.5,28.62,47.5
4286.516,29.5,44.5,28.62,47.5
4288.62,29.5,44.5,28.62,47.5
4290.664,29.5,44.5,28.62,47.5
4292.761,29.5,44.5,28.62,47.44
4294.861,29.5,44.5,28.62,47.44
4296.922,29.5,44.5,28.62,47.5
4298.986,29.5,44.5,28.62,47.5
4301.096,29.5,44.5,28.62,47.5
4303.155,29.5,44.5,28.62,47.56
4305.226,29.5,44.5,28.56,47.56
4307.31,29.5,44.5,28.62,47.63
4309.404,29.5,44.5,28.62,47.63
4311.489,29.5,44.5,28.62,47.56
4313.557,29.5,44.44,28.62,47.56
4315.621,29.5,44.5,28.56,47.56
4317.726,29.5,44.5,28.62,47.56
4319.802,29.5,44.5,28.62,47.56
4321.862,29.5,44.5,28.56,47.5
4323.978,30.0,44.5,28.56,47.5
4326.039,30.0,44.44,28.56,47.5
4328.136,30.0,44.44,28.56,47.5
4330.174,30.0,44.44,28.56,47.5
4332.269,30.0,44.44,28.56,47.5
4334.352,30.0,44.5,28.56,47.5
4336.451,30.0,44.44,28.56,47.5
4338.49,30.0,44.44,28.5,47.56
4340.602,30.0,44.44,28.56,47.56
4342.658,29.5,44.44,28.5,47.56
4344.729,29.5,44.44,28.5,47.56
4346.819,30.0,44.5,28.5,47.56
4348.926,29.5,44.5,28.5,47.56
4350.967,29.5,44.5,28.5,47.56
4353.053,29.5,44.44,28.44,47.56
4355.139,29.5,44.44,28.44,47.56
4357.231,29.5,44.44,28.44,47.5
4359.296,29.5,44.44,28.44,47.5
4361.405,29.5,44.44,28.44,47.44
4363.477,29.5,44.44,28.44,47.44
4365.545,29.5,44.38,28.44,47.44
4367.601,29.5,44.44,28.37,47.44
4369.687,29.5,44.44,28.44,47.38
4371.781,29.5,44.44,28.37,47.38
4373.84,29.5,44.44,28.37,47.38
4375.935,29.5,44.44,28.37,47.38
4378.029,29.5,44.5,28.37,47.44
4380.119,29.5,44.5,28.37,47.44
4382.167,29.5,44.5,28.37,47.44
4384.261,29.5,44.5,28.37,47.44
4386.355,29.5,44.5,28.37,47.5
4388.428,29.5,44.5,28.37,47.44
4390.485,29.5,44.5,28.31,47.5
4392.554,29.5,44.56,28.31,47.5
4394.655,29.5,44.56,28.31,47.5
4396.738,29.5,44.56,28.31,47.5
4398.806,29.5,44.56,28.37,47.5
4400.889,29.5,44.56,28.31,47.56
4402.983,29.5,44.56,28.31,47.56
4405.029,29.5,44.63,28.31,47.56
4407.145,29.5,44.63,28.25,47.56
4409.216,29.5,44.63,28.31,47.63
4411.27,29.5,44.63,28.31,47.56
4413.351,29.5,44.69,28.31,47.56
4415.45,29.5,44.69,28.25,47.56
4417.518,29.5,44.69,28.25,47.56
4419.609,29.5,44.69,28.25,47.56
4421.666,29.5,44.69,28.25,47.56
4423.773,29.5,44.75,28.25,47.5
4425.841,29.5,44.69,28.25,47.5
4427.934,29.5,44.75,28.19,47.5
4429.99,29.5,44.75,28.19,47.5
4432.069,29.5,44.75,28.19,47.5
4434.163,29.5,44.75,28.19,47.44
4436.22,29.5,44.75,28.19,47.44
4438.322,29.5,44.75,28.19,47.44
4440.419,29.5,44.69,28.19,47.44
4442.468,29.5,44.69,28.12,47.44
