Time, T_A[degC], T_B[degC], T_C[degC], T_D[degC]
0.0,2.0,27.87,-1.0,28.62
2.078,2.0,27.87,-1.0,28.62
4.196,2.0,27.87,-1.0,28.62
6.293,2.0,27.87,-0.94,28.62
8.358,2.0,27.87,-1.0,28.62
10.456,2.0,27.87,-0.94,28.62
12.528,2.0,27.87,-0.94,28.62
14.609,2.0,27.87,-0.94,28.62
16.727,2.0,27.87,-0.88,28.62
18.79,2.0,27.87,-0.88,28.62
20.862,2.0,27.87,-0.88,28.62
22.989,2.0,27.87,-0.88,28.62
25.056,2.0,27.87,-0.88,28.62
27.162,2.0,27.87,-0.88,28.56
29.247,2.0,27.87,-0.88,28.56
31.314,2.0,27.87,-0.88,28.62
33.385,2.0,27.87,-0.88,28.56
35.496,2.0,27.87,-0.88,28.62
37.567,2.0,27.87,-0.88,28.56
39.685,2.0,27.87,-0.88,28.56
41.757,2.0,27.81,-0.88,28.56
43.867,2.0,27.87,-0.88,28.56
45.938,2.0,27.87,-0.88,28.56
48.017,2.0,27.87,-0.88,28.62
50.104,1.5,27.87,-0.88,28.62
52.183,1.5,27.87,-0.88,28.56
54.3,1.5,27.87,-0.88,28.56
56.364,1.5,27.87,-0.88,28.56
58.439,1.5,27.87,-0.81,28.56
60.557,1.5,27.87,-0.81,28.62
62.653,1.5,27.87,-0.81,28.56
64.72,1.5,27.81,-0.81,28.56
66.811,1.5,27.81,-0.81,28.56
68.886,1.5,27.81,-0.81,28.56
70.984,1.5,27.81,-0.81,28.56
73.069,1.5,27.81,-0.75,28.56
75.134,1.5,27.81,-0.75,28.56
77.252,1.5,27.81,-0.75,28.56
79.351,1.5,27.81,-0.75,28.56
81.438,1.5,27.81,-0.69,28.56
83.501,1.5,27.81,-0.75,28.56
85.608,1.5,27.81,-0.69,28.56
87.673,1.5,27.81,-0.69,28.56
89.76,1.5,27.81,-0.69,28.56
91.857,1.5,27.87,-0.69,28.5
93.926,1.5,27.81,-0.69,28.5
96.036,1.5,27.81,-0.69,28.5
98.109,1.5,27.81,-0.69,28.5
100.189,1.5,27.81,-0.69,28.5
102.284,1.5,27.81,-0.69,28.44
104.364,1.5,27.81,-0.69,28.5
106.469,1.5,27.81,-0.63,28.5
108.534,1.5,27.81,-0.69,28.5
110.644,1.5,27.81,-0.69,28.5
112.718,1.5,27.81,-0.69,28.5
114.798,1.5,27.81,-0.69,28.5
116.917,1.5,27.81,-0.69,28.5
118.997,1.5,27.81,-0.69,28.5
121.068,1.5,27.81,-0.69,28.56
123.18,1.5,27.81,-0.75,28.5
125.257,1.5,27.81,-0.75,28.5
127.335,1.5,27.87,-0.75,28.5
129.405,1.5,27.81,-0.69,28.5
131.519,1.0,27.81,-0.69,28.5
133.608,1.0,27.87,-0.69,28.5
135.673,1.0,27.81,-0.69,28.5
137.785,1.0,27.81,-0.69,28.5
139.848,1.0,27.87,-0.69,28.5
141.951,1.0,27.87,-0.69,28.5
144.015,1.0,27.81,-0.69,28.56
146.137,1.0,27.81,-0.69,28.56
148.216,1.0,27.87,-0.69,28.56
150.29,1.0,27.87,-0.69,28.5
152.401,1.0,27.81,-0.69,28.5
154.474,1.0,27.81,-0.69,28.56
156.586,1.0,27.87,-0.69,28.56
158.667,1.0,27.87,-0.69,28.56
160.729,1.0,27.87,-0.69,28.56
162.835,1.0,27.87,-0.69,28.56
164.897,1.0,27.87,-0.69,28.56
166.977,1.0,27.87,-0.69,28.56
169.095,1.0,27.87,-0.69,28.56
171.189,1.0,27.87,-0.69,28.56
173.263,1.0,27.87,-0.69,28.56
175.342,1.5,27.87,-0.69,28.56
177.453,1.5,27.87,-0.69,28.56
179.518,1.5,27.87,-0.69,28.56
181.588,1.5,27.87,-0.69,28.56
183.716,1.5,27.81,-0.69,28.56
185.773,1.5,27.87,-0.69,28.56
187.868,1.5,27.87,-0.63,28.56
189.94,1.5,27.87,-0.63,28.56
192.038,1.5,27.87,-0.69,28.56
194.157,1.5,27.87,-0.63,28.56
196.235,1.5,27.87,-0.69,28.56
198.297,1.5,27.87,-0.69,28.56
200.408,1.5,27.87,-0.69,28.56
202.481,1.5,27.87,-0.75,28.56
204.56,1.5,27.87,-0.75,28.56
206.638,1.5,27.87,-0.75,28.56
208.748,1.5,27.87,-0.75,28.56
210.821,1.5,27.87,-0.75,28.62
212.932,1.5,27.87,-0.81,28.56
215.017,1.5,27.87,-0.81,28.56
217.096,1.5,27.87,-0.81,28.56
219.204,1.5,27.87,-0.75,28.56
221.28,1.5,27.87,-0.75,28.56
223.37,1.5,27.87,-0.75,28.56
225.441,1.5,27.94,-0.75,28.56
227.519,1.5,27.87,-0.75,28.56
229.613,1.0,27.87,-0.75,28.56
231.694,1.0,27.87,-0.75,28.56
233.813,1.0,27.87,-0.75,28.56
235.894,1.0,27.87,-0.75,28.56
237.968,1.5,27.87,-0.75,28.56
240.048,1.5,27.87,-0.75,28.56
242.167,1.5,27.87,-0.69,28.56
244.232,1.5,27.87,-0.69,28.56
246.3,1.5,27.87,-0.69,28.56
248.426,1.5,27.87,-0.75,28.56
250.483,1.5,27.94,-0.69,28.56
252.594,1.5,27.87,-0.69,28.56
254.667,1.5,27.94,-0.69,28.56
256.766,1.5,27.94,-0.69,28.56
258.853,1.5,27.94,-0.69,28.56
260.917,1.5,27.94,-0.69,28.56
263.034,1.5,27.94,-0.69,28.56
265.114,1.5,27.94,-0.69,28.56
267.188,1.5,27.94,-0.69,28.56
269.299,1.5,27.94,-0.75,28.56
271.374,1.5,27.94,-0.75,28.56
273.434,1.5,27.94,-0.75,28.56
275.531,1.5,27.94,-0.75,28.56
277.62,1.5,27.94,-0.75,28.56
279.731,1.5,27.94,-0.75,28.56
281.795,1.5,27.94,-0.75,28.56
283.876,1.5,28.0,-0.75,28.56
285.993,1.5,28.0,-0.75,28.56
288.072,1.5,28.0,-0.75,28.56
290.143,1.5,27.94,-0.81,28.56
292.238,1.5,27.94,-0.75,28.56
294.313,1.5,27.94,-0.75,28.56
296.41,1.5,27.94,-0.81,28.56
298.521,1.5,28.0,-0.81,28.56
300.581,1.5,27.94,-0.81,28.56
302.653,1.5,28.0,-0.81,28.62
304.764,1.5,27.94,-0.81,28.62
306.836,1.5,28.0,-0.81,28.62
308.917,1.5,27.94,-0.81,28.62
311.023,1.5,28.0,-0.81,28.56
313.09,1.5,28.0,-0.81,28.56
315.223,1.5,28.0,-0.81,28.56
317.271,1.5,28.0,-0.81,28.56
319.388,1.5,28.0,-0.81,28.56
321.452,2.0,28.0,-0.81,28.56
323.555,2.0,28.0,-0.81,28.62
325.62,1.5,28.0,-0.81,28.56
327.729,2.0,28.0,-0.81,28.56
329.833,2.0,28.0,-0.81,28.56
331.899,2.0,28.0,-0.81,28.62
333.984,2.0,28.0,-0.81,28.56
336.066,2.0,28.0,-0.81,28.62
338.136,2.0,28.0,-0.81,28.62
340.246,2.0,28.0,-0.81,28.62
342.321,2.0,28.0,-0.81,28.62
344.402,2.0,28.0,-0.88,28.62
346.519,2.0,28.0,-0.81,28.62
348.584,2.0,28.0,-0.81,28.62
350.698,1.5,28.0,-0.81,28.62
352.786,1.5,28.0,-0.81,28.62
354.879,1.5,28.0,-0.81,28.62
356.944,1.5,28.0,-0.88,28.62
359.02,1.5,27.94,-0.81,28.62
361.129,1.5,28.0,-0.81,28.62
363.2,1.5,27.94,-0.81,28.62
365.281,1.5,28.0,-0.81,28.62
367.403,1.5,27.94,-0.81,28.62
369.483,1.5,28.0,-0.81,28.62
371.557,1.5,28.0,-0.75,28.62
373.621,2.0,28.0,-0.75,28.62
375.737,1.5,27.94,-0.75,28.62
377.817,1.5,28.0,-0.75,28.62
379.904,1.5,27.94,-0.75,28.62
382.008,1.5,28.0,-0.81,28.62
384.071,1.5,28.0,-0.75,28.62
386.188,1.5,27.94,-0.81,28.62
388.237,1.5,28.0,-0.81,28.62
390.325,1.5,28.0,-0.81,28.62
392.437,1.5,28.0,-0.81,28.62
394.523,1.5,27.94,-0.81,28.62
396.596,1.5,28.0,-0.81,28.62
398.713,1.5,28.0,-0.88,28.62
400.768,1.5,28.0,-0.88,28.69
402.888,1.5,28.0,-0.88,28.69
404.968,1.5,28.0,-0.88,28.62
407.04,1.5,28.0,-0.88,28.62
409.12,1.5,27.94,-0.88,28.62
411.212,1.5,28.0,-0.94,28.62
413.302,1.5,28.0,-0.94,28.62
415.39,1.5,27.94,-0.94,28.69
417.455,1.5,27.94,-0.94,28.62
419.575,1.5,27.94,-0.94,28.69
421.638,1.5,27.94,-0.94,28.69
423.756,1.5,27.94,-0.94,28.62
425.835,1.5,27.94,-0.94,28.62
427.937,1.5,27.94,-0.94,28.62
429.987,1.5,27.94,-1.0,28.69
432.1,1.5,27.94,-0.94,28.69
434.179,1.5,27.94,-0.94,28.62
436.249,1.5,27.94,-1.0,28.62
438.369,1.5,27.94,-1.0,28.62
440.431,1.5,27.94,-1.0,28.69
442.546,1.5,27.94,-1.0,28.62
444.625,1.5,27.94,-1.0,28.62
446.699,1.5,27.94,-1.06,28.62
448.779,1.5,27.87,-1.06,28.62
450.854,1.5,27.94,-1.06,28.62
452.965,1.5,27.94,-1.06,28.62
455.041,1.5,27.94,-1.06,28.62
457.154,1.5,27.87,-1.06,28.62
459.219,1.5,27.87,-1.06,28.62
461.331,1.5,27.87,-1.06,28.62
463.406,1.5,27.87,-1.0,28.62
465.471,1.5,27.87,-1.0,28.62
467.59,1.5,27.87,-1.0,28.62
469.653,1.5,27.87,-1.0,28.62
471.769,1.5,27.87,-1.0,28.62
473.849,1.5,27.87,-0.94,28.62
475.906,1.5,27.87,-0.94,28.62
478.017,1.5,27.87,-0.94,28.62
480.091,1.5,27.87,-0.94,28.62
482.169,1.5,27.87,-1.0,28.62
484.293,1.5,27.87,-0.94,28.62
486.357,1.5,27.87,-1.0,28.62
488.444,1.5,27.87,-1.0,28.62
490.556,1.5,27.87,-1.0,28.62
492.633,1.5,27.87,-1.0,28.62
494.706,1.5,27.87,-1.0,28.62
496.786,1.5,27.87,-1.06,28.62
498.905,1.5,27.87,-1.06,28.62
500.968,1.5,27.87,-1.06,28.62
503.042,1.5,27.87,-1.06,28.62
505.152,1.5,27.87,-1.06,28.62
507.219,1.5,27.87,-1.06,28.62
509.327,1.5,27.87,-1.06,28.62
511.406,1.5,27.87,-1.12,28.62
513.512,1.5,27.87,-1.12,28.62
515.582,1.5,27.87,-1.06,28.62
517.678,1.5,27.87,-1.12,28.62
519.749,1.5,27.87,-1.06,28.62
521.828,1.5,27.87,-1.12,28.62
523.949,1.5,27.87,-1.12,28.62
526.0,1.5,27.87,-1.12,28.62
528.117,1.5,27.87,-1.12,28.62
530.177,1.5,27.87,-1.12,28.62
532.295,1.5,27.87,-1.12,28.56
534.37,1.5,27.87,-1.06,28.62
536.472,1.5,27.87,-1.0,28.56
538.572,1.5,27.87,-1.0,28.56
540.631,1.5,27.87,-0.94,28.62
542.728,1.5,27.87,-0.94,28.56
544.808,1.5,27.87,-0.88,28.56
546.886,1.5,27.87,-0.88,28.56
548.996,1.5,27.87,-0.88,28.56
551.07,1.5,27.87,-0.88,28.56
553.148,1.5,27.87,-0.88,28.56
555.266,1.5,27.87,-0.81,28.56
557.313,1.5,27.87,-0.81,28.56
559.421,1.5,27.87,-0.81,28.56
561.486,1.5,27.87,-0.81,28.56
563.595,1.5,27.87,-0.88,28.56
565.707,1.5,27.87,-0.81,28.56
567.779,1.5,27.87,-0.81,28.56
569.859,1.5,27.87,-0.88,28.56
571.932,1.5,27.87,-0.88,28.56
574.029,1.5,27.87,-0.88,28.56
576.103,1.5,27.87,-0.88,28.56
578.216,1.5,27.87,-0.88,28.62
580.288,1.5,27.87,-0.88,28.56
582.383,1.5,27.87,-0.88,28.56
584.458,1.5,27.87,-0.88,28.56
586.538,1.5,27.87,-0.88,28.56
588.656,1.5,27.87,-0.88,28.56
590.72,1.5,27.87,-0.81,28.56
592.84,1.5,27.87,-0.81,28.56
594.907,1.5,27.87,-0.81,28.56
597.011,1.5,27.87,-0.81,28.56
599.067,1.5,27.87,-0.88,28.56
601.164,1.5,27.87,-0.88,28.56
603.237,1.5,27.87,-0.88,28.56
605.363,1.5,27.87,-0.88,28.56
607.437,1.5,27.87,-0.94,28.56
609.536,1.5,27.87,-0.94,28.62
611.602,1.5,27.94,-0.94,28.62
613.686,1.5,27.87,-0.94,28.62
615.792,1.5,27.94,-0.94,28.62
617.857,1.5,27.87,-0.94,28.62
619.945,1.5,27.94,-0.94,28.62
622.042,1.5,27.87,-0.94,28.62
624.112,1.5,27.87,-0.94,28.62
626.219,1.5,27.87,-0.94,28.56
628.3,1.5,27.87,-0.94,28.62
630.416,1.5,27.94,-0.94,28.62
632.483,1.5,27.87,-1.0,28.62
634.549,1.5,27.87,-1.0,28.56
636.658,1.5,27.87,-1.0,28.62
638.718,1.5,27.94,-1.0,28.62
640.827,1.5,27.94,-1.0,28.62
642.934,1.5,27.87,-1.0,28.62
645.003,1.5,27.94,-1.06,28.62
647.081,1.5,27.94,-1.06,28.62
649.197,1.5,27.94,-1.06,28.62
651.271,1.5,27.87,-1.12,28.56
653.352,1.5,27.87,-1.12,28.62
655.462,1.5,27.94,-1.12,28.62
657.545,1.5,27.87,-1.12,28.56
659.615,1.5,27.94,-1.12,28.56
661.709,1.5,27.87,-1.19,28.62
663.782,1.5,27.87,-1.19,28.56
665.861,1.5,27.94,-1.19,28.56
667.985,1.5,27.87,-1.19,28.56
670.047,1.5,27.94,-1.19,28.62
672.117,1.5,27.94,-1.19,28.56
674.219,1.5,27.94,-1.19,28.56
676.292,1.5,27.94,-1.19,28.56
678.388,1.5,27.94,-1.19,28.56
680.509,1.5,27.94,-1.19,28.56
682.574,1.5,27.94,-1.19,28.56
684.682,1.5,27.94,-1.25,28.56
686.74,1.5,27.94,-1.19,28.62
688.819,1.5,27.94,-1.25,28.56
690.928,1.5,27.94,-1.19,28.56
692.997,1.5,27.94,-1.25,28.56
695.123,1.5,27.94,-1.25,28.62
697.186,1.5,27.94,-1.25,28.62
699.255,1.5,27.94,-1.31,28.56
701.376,1.5,27.94,-1.31,28.56
703.438,1.5,27.94,-1.31,28.56
705.544,1.5,27.94,-1.25,28.56
707.639,1.5,27.94,-1.31,28.56
709.711,1.5,27.94,-1.25,28.56
711.818,1.5,27.94,-1.25,28.56
713.898,1.5,27.94,-1.25,28.62
715.973,1.5,27.94,-1.25,28.56
718.084,1.5,27.94,-1.25,28.56
720.163,1.5,27.94,-1.25,28.56
722.245,1.5,27.94,-1.25,28.56
724.317,1.5,27.94,-1.25,28.62
726.396,1.5,27.94,-1.25,28.56
728.481,1.5,27.94,-1.25,28.56
730.607,1.5,27.94,-1.25,28.56
732.681,1.5,27.94,-1.25,28.56
734.744,1.5,27.87,-1.25,28.56
736.83,1.5,27.94,-1.25,28.62
738.941,1.5,27.94,-1.25,28.56
741.045,1.5,27.94,-1.25,28.56
743.109,1.5,27.94,-1.25,28.56
745.197,1.5,27.94,-1.25,28.56
747.305,1.5,27.94,-1.25,28.56
749.37,1.5,27.94,-1.25,28.56
751.48,1.5,27.94,-1.25,28.62
753.551,1.5,27.94,-1.25,28.62
755.631,1.5,27.94,-1.25,28.62
757.707,1.5,27.94,-1.25,28.62
759.822,1.5,27.94,-1.25,28.56
761.896,1.5,27.94,-1.25,28.56
763.984,1.5,27.94,-1.25,28.56
766.061,1.5,27.94,-1.19,28.56
768.15,1.5,27.94,-1.19,28.56
770.261,1.5,27.94,-1.19,28.56
772.344,1.5,27.94,-1.19,28.62
774.41,1.5,27.94,-1.19,28.56
776.529,1.5,27.94,-1.19,28.62
778.588,1.5,27.87,-1.19,28.56
780.697,1.5,27.94,-1.19,28.56
782.778,1.5,27.87,-1.19,28.56
784.852,1.5,27.87,-1.19,28.56
786.935,1.5,27.87,-1.12,28.62
789.057,1.5,27.94,-1.19,28.62
791.136,1.5,27.87,-1.19,28.62
793.206,1.5,27.87,-1.19,28.62
795.319,1.5,27.87,-1.19,28.62
797.389,1.5,27.87,-1.19,28.62
799.47,1.5,27.94,-1.19,28.62
801.574,1.5,27.94,-1.25,28.62
803.64,1.5,27.87,-1.25,28.62
805.758,1.5,27.94,-1.25,28.62
807.81,1.5,27.87,-1.31,28.62
809.893,1.5,27.87,-1.25,28.62
812.021,1.5,27.87,-1.31,28.62
814.099,1.5,27.94,-1.31,28.62
816.179,1.5,27.94,-1.31,28.62
818.248,1.5,27.94,-1.31,28.62
820.324,1.5,27.94,-1.31,28.62
822.436,1.5,27.87,-1.31,28.56
824.525,1.5,27.94,-1.31,28.62
826.585,1.5,27.94,-1.31,28.62
828.692,1.5,27.94,-1.31,28.62
830.782,1.5,27.94,-1.31,28.62
832.853,1.5,27.94,-1.31,28.62
834.949,1.5,27.94,-1.37,28.56
837.024,1.5,27.94,-1.31,28.56
839.151,1.5,27.94,-1.37,28.62
841.211,1.5,27.94,-1.37,28.62
843.323,1.5,27.94,-1.37,28.62
845.414,1.5,27.94,-1.37,28.62
847.463,1.5,27.94,-1.37,28.56
849.585,1.5,27.94,-1.37,28.62
851.667,1.5,27.94,-1.37,28.56
853.738,1.5,27.94,-1.37,28.62
855.819,1.5,27.94,-1.37,28.62
857.938,1.5,27.94,-1.37,28.56
860.016,1.5,27.94,-1.37,28.62
862.111,1.5,27.94,-1.37,28.56
864.191,1.5,27.94,-1.37,28.62
866.292,1.5,27.94,-1.37,28.62
868.356,1.5,27.94,-1.37,28.62
870.427,1.5,27.94,-1.37,28.62
872.549,1.5,27.94,-1.37,28.62
874.62,1.5,27.94,-1.37,28.62
876.693,1.5,27.94,-1.37,28.62
878.803,1.5,27.94,-1.37,28.62
880.902,1.5,27.94,-1.37,28.62
882.967,1.5,27.94,-1.37,28.62
885.074,1.5,27.94,-1.37,28.62
887.138,1.5,27.94,-1.37,28.62
889.256,1.5,27.94,-1.37,28.62
891.337,1.5,27.94,-1.37,28.62
893.407,1.5,27.94,-1.37,28.62
895.516,1.5,27.94,-1.37,28.62
897.587,1.5,27.94,-1.37,28.62
899.676,1.5,27.94,-1.37,28.62
901.754,1.5,27.94,-1.31,28.62
903.865,1.5,27.94,-1.31,28.56
905.953,1.5,27.94,-1.31,28.62
908.017,1.5,27.94,-1.31,28.62
910.088,1.5,27.94,-1.31,28.56
912.201,1.5,27.94,-1.31,28.62
914.29,1.5,27.94,-1.31,28.62
916.351,1.5,27.94,-1.31,28.62
918.467,1.5,27.94,-1.31,28.56
920.534,1.5,27.87,-1.31,28.56
922.61,1.5,27.94,-1.31,28.56
924.722,1.5,27.94,-1.31,28.56
926.8,1.5,27.94,-1.31,28.62
928.88,1.5,27.87,-1.31,28.62
930.983,1.5,27.94,-1.31,28.56
933.074,1.5,27.87,-1.31,28.62
935.138,1.5,27.94,-1.31,28.62
937.259,1.5,27.94,-1.31,28.62
939.337,1.5,27.94,-1.25,28.62
941.442,1.5,27.94,-1.25,28.62
943.503,1.5,27.94,-1.25,28.62
945.574,1.5,27.94,-1.25,28.62
947.672,1.5,27.94,-1.25,28.62
949.789,1.5,27.94,-1.25,28.62
951.867,1.5,27.87,-1.25,28.62
953.941,1.5,27.94,-1.25,28.62
956.048,1.5,27.94,-1.25,28.62
958.108,1.5,27.87,-1.25,28.62
960.218,1.5,27.87,-1.25,28.62
962.291,1.5,27.94,-1.25,28.62
964.37,1.5,27.94,-1.19,28.62
966.445,1.5,27.94,-1.25,28.62
968.57,1.5,27.94,-1.25,28.62
970.64,1.5,27.94,-1.19,28.62
972.75,1.5,27.94,-1.19,28.62
974.808,1.5,27.87,-1.19,28.62
976.918,1.5,27.87,-1.19,28.62
978.982,1.5,27.87,-1.19,28.62
981.093,1.5,27.87,-1.19,28.62
983.161,1.5,27.87,-1.25,28.62
985.238,1.5,27.87,-1.25,28.62
987.338,1.0,27.87,-1.25,28.62
989.419,1.0,27.87,-1.19,28.62
991.53,1.0,27.81,-1.25,28.62
993.6,1.0,27.87,-1.19,28.62
995.712,1.0,27.87,-1.19,28.62
997.8,1.0,27.87,-1.12,28.62
999.857,1.5,27.81,-1.12,28.62
1001.941,1.5,27.81,-1.12,28.62
1004.066,1.5,27.81,-1.12,28.62
1006.126,1.5,27.81,-1.12,28.62
1008.233,1.5,27.81,-1.12,28.62
1010.304,1.5,27.81,-1.12,28.62
1012.415,1.5,27.81,-1.12,28.62
1014.487,1.5,27.81,-1.12,28.56
1016.567,1.5,27.81,-1.19,28.56
1018.638,1.5,27.81,-1.19,28.62
1020.75,1.5,27.87,-1.19,28.62
1022.819,1.5,27.87,-1.19,28.62
1024.916,1.5,27.81,-1.19,28.62
1027.015,1.5,27.81,-1.19,28.62
1029.101,1.5,27.87,-1.19,28.62
1031.173,1.5,27.87,-1.19,28.62
1033.251,1.5,27.87,-1.19,28.56
1035.34,1.5,27.87,-1.25,28.62
1037.451,1.5,27.87,-1.25,28.56
1039.53,1.5,27.87,-1.25,28.56
1041.602,1.5,27.87,-1.31,28.62
1043.702,1.5,27.87,-1.25,28.56
1045.773,1.5,27.87,-1.31,28.56
1047.901,1.5,27.87,-1.31,28.56
1049.969,1.5,27.87,-1.31,28.56
1052.067,1.5,27.87,-1.31,28.56
1054.137,1.5,27.87,-1.31,28.56
1056.218,1.5,27.87,-1.31,28.56
1058.332,1.5,27.87,-1.37,28.56
1060.421,1.5,27.87,-1.37,28.56
1062.494,1.5,27.87,-1.37,28.56
1064.582,1.5,27.87,-1.37,28.56
1066.655,1.5,27.87,-1.37,28.56
1068.734,1.5,27.87,-1.37,28.56
1070.852,1.5,27.87,-1.37,28.56
1072.919,1.5,27.87,-1.37,28.56
1075.006,1.5,27.87,-1.37,28.56
1077.116,1.5,27.87,-1.37,28.56
1079.187,1.5,27.87,-1.37,28.56
1081.266,1.5,27.87,-1.37,28.56
1083.383,1.5,27.87,-1.44,28.5
1085.449,1.5,27.87,-1.37,28.56
1087.54,1.5,27.87,-1.37,28.56
1089.665,1.5,27.87,-1.37,28.56
1091.73,1.5,27.87,-1.37,28.56
1093.804,1.5,27.87,-1.37,28.56
1095.903,1.5,27.87,-1.37,28.56
1097.978,1.5,27.87,-1.31,28.56
1100.044,1.5,27.94,-1.37,28.56
1102.163,1.5,27.87,-1.31,28.56
1104.262,1.5,27.94,-1.37,28.56
1106.35,1.5,27.94,-1.31,28.56
1108.401,1.5,27.87,-1.31,28.56
1110.484,1.5,27.94,-1.25,28.56
1112.598,1.5,27.94,-1.25,28.56
1114.672,1.0,27.87,-1.25,28.56
1116.782,1.5,27.87,-1.25,28.56
1118.853,1.0,27.87,-1.25,28.56
1120.933,1.0,27.87,-1.25,28.56
1123.05,1.5,27.87,-1.25,28.56
1125.114,1.5,27.87,-1.19,28.56
1127.226,1.0,27.87,-1.19,28.56
