Time, T_A[degC], T_B[degC], T_C[degC], T_D[degC]
0.0,0.5,27.75,-1.31,28.44
2.109,0.5,27.81,-1.31,28.44
4.167,1.0,27.81,-1.31,28.44
6.257,1.0,27.81,-1.31,28.44
8.362,1.0,27.81,-1.31,28.44
10.456,1.0,27.81,-1.31,28.5
12.541,1.0,27.81,-1.31,28.5
14.609,1.0,27.81,-1.31,28.5
16.716,1.0,27.81,-1.31,28.44
18.777,1.0,27.81,-1.31,28.5
20.897,1.0,27.81,-1.31,28.5
22.977,1.0,27.81,-1.31,28.5
25.066,1.0,27.81,-1.37,28.5
27.128,1.0,27.81,-1.31,28.5
29.247,1.0,27.81,-1.37,28.5
31.31,1.0,27.81,-1.37,28.5
33.397,1.0,27.81,-1.37,28.5
35.504,1.0,27.81,-1.37,28.5
37.566,1.0,27.81,-1.37,28.44
39.669,1.0,27.87,-1.44,28.5
41.765,1.0,27.81,-1.44,28.5
43.838,1.0,27.81,-1.37,28.5
45.917,1.0,27.81,-1.37,28.5
48.032,1.0,27.81,-1.37,28.56
50.097,1.0,27.81,-1.44,28.56
52.193,1.0,27.87,-1.44,28.62
54.294,1.0,27.87,-1.44,28.62
56.379,1.0,27.87,-1.44,28.69
58.43,1.0,27.94,-1.44,28.69
60.553,1.0,27.94,-1.44,28.75
62.649,1.0,27.94,-1.44,28.81
64.727,1.0,28.0,-1.44,28.87
66.79,1.0,28.06,-1.44,28.94
68.912,1.0,28.12,-1.37,29.06
70.991,1.0,28.19,-1.37,29.12
73.08,1.0,28.25,-1.44,29.25
75.159,1.0,28.31,-1.37,29.37
77.254,1.0,28.37,-1.37,29.44
79.333,1.0,28.44,-1.37,29.56
81.394,1.0,28.56,-1.37,29.69
83.504,1.0,28.62,-1.37,29.75
85.588,1.0,28.75,-1.37,29.94
87.698,1.0,28.81,-1.37,30.06
89.755,1.0,28.94,-1.37,30.19
91.834,0.5,29.06,-1.37,30.31
93.944,0.5,29.19,-1.37,30.5
96.016,1.0,29.31,-1.37,30.62
98.088,1.0,29.44,-1.37,30.81
100.206,1.0,29.56,-1.37,30.94
102.309,1.0,29.69,-1.37,31.12
104.36,1.0,29.81,-1.37,31.25
106.463,1.0,29.94,-1.37,31.44
108.533,1.0,30.12,-1.44,31.62
110.62,1.0,30.25,-1.44,31.81
112.702,1.0,30.44,-1.44,32.0
114.801,1.0,30.56,-1.44,32.13
116.871,1.0,30.75,-1.44,32.31
118.991,1.0,30.87,-1.44,32.5
121.077,1.0,31.0,-1.44,32.69
123.14,1.0,31.19,-1.44,32.88
125.26,1.0,31.37,-1.44,33.06
127.338,1.0,31.56,-1.44,33.25
129.407,1.0,31.69,-1.44,33.44
131.521,1.0,31.87,-1.44,33.63
133.575,1.0,32.06,-1.44,33.88
135.656,1.0,32.25,-1.44,34.0
137.773,1.0,32.44,-1.44,34.25
139.855,1.0,32.63,-1.44,34.44
141.91,1.0,32.81,-1.44,34.63
144.037,1.0,32.94,-1.44,34.81
146.091,1.0,33.13,-1.37,35.0
148.209,1.0,33.31,-1.37,35.19
150.272,1.0,33.56,-1.37,35.44
152.339,1.0,33.75,-1.31,35.63
154.428,1.0,33.94,-1.31,35.81
156.536,1.0,34.13,-1.31,36.0
158.6,1.0,34.31,-1.31,36.25
160.718,1.0,34.5,-1.25,36.44
162.774,1.0,34.69,-1.25,36.69
164.88,1.0,34.88,-1.25,36.88
166.953,1.0,35.06,-1.25,37.06
169.025,1.0,35.31,-1.25,37.31
171.14,1.0,35.5,-1.19,37.5
173.214,1.0,35.69,-1.19,37.69
175.295,1.0,35.88,-1.19,37.94
177.367,1.0,36.06,-1.19,38.13
179.479,1.0,36.25,-1.12,38.31
181.55,1.0,36.44,-1.12,38.56
183.662,1.0,36.63,-1.12,38.75
185.712,1.0,36.88,-1.12,38.94
187.822,1.0,37.06,-1.12,39.19
189.909,1.0,37.25,-1.12,39.38
191.989,1.0,37.44,-1.12,39.63
194.076,1.0,37.63,-1.12,39.81
196.154,1.0,37.88,-1.12,40.06
198.223,1.0,38.06,-1.06,40.31
200.304,1.0,38.25,-1.12,40.5
202.429,1.0,38.44,-1.06,40.69
204.5,1.0,38.69,-1.06,40.88
206.574,1.0,38.88,-1.06,41.13
208.646,1.0,39.06,-1.06,41.31
210.755,1.0,39.25,-1.06,41.5
212.83,1.0,39.44,-1.0,41.75
214.921,1.0,39.63,-1.0,41.94
216.99,1.0,39.81,-1.0,42.19
219.086,1.0,40.06,-0.94,42.44
221.159,1.0,40.25,-0.94,42.69
223.252,1.0,40.44,-0.94,42.88
225.361,1.0,40.63,-0.94,43.06
227.417,1.0,40.81,-0.94,43.31
229.505,1.0,41.0,-0.88,43.56
231.617,1.0,41.19,-0.88,43.75
233.676,1.0,41.38,-0.94,43.94
235.786,1.0,41.56,-0.88,44.13
237.83,1.0,41.75,-0.94,44.31
239.941,1.0,42.0,-0.88,44.5
242.04,1.0,42.19,-0.88,44.75
244.1,1.0,42.38,-0.88,44.94
246.209,1.0,42.56,-0.88,45.19
248.254,1.0,42.75,-0.88,45.44
250.358,1.0,42.94,-0.88,45.63
252.421,1.0,43.13,-0.88,45.81
254.522,1.0,43.31,-0.88,46.06
256.627,1.0,43.56,-0.88,46.25
258.693,1.0,43.75,-0.88,46.5
260.766,1.0,43.94,-0.88,46.69
262.878,1.0,44.13,-0.81,46.88
264.952,1.5,44.31,-0.81,47.06
267.031,1.5,44.5,-0.81,47.25
269.118,1.5,44.75,-0.81,47.5
271.2,1.5,44.94,-0.81,47.69
273.271,1.5,45.06,-0.81,47.94
275.381,1.5,45.25,-0.81,48.13
277.462,1.5,45.44,-0.81,48.31
279.554,1.5,45.63,-0.81,48.5
281.628,1.5,45.81,-0.81,48.69
283.692,1.5,46.0,-0.81,48.88
285.768,1.5,46.19,-0.81,49.06
287.878,1.5,46.38,-0.81,49.25
289.945,1.5,46.56,-0.81,49.44
292.026,1.5,46.69,-0.81,49.63
294.096,1.5,46.88,-0.81,49.88
296.207,1.5,47.06,-0.81,50.06
298.279,1.5,47.25,-0.81,50.25
300.359,1.5,47.38,-0.81,50.5
302.448,1.5,47.56,-0.81,50.69
304.527,1.5,47.75,-0.81,50.88
306.628,1.5,47.94,-0.81,51.06
308.723,1.5,48.13,-0.81,51.31
310.784,1.5,48.25,-0.81,51.5
312.846,1.5,48.5,-0.81,51.69
314.956,1.5,48.63,-0.88,51.88
317.028,2.0,48.88,-0.88,52.06
319.128,2.0,49.06,-0.88,52.31
321.215,2.0,49.19,-0.88,52.5
323.301,2.0,49.38,-0.88,52.69
325.388,2.0,49.56,-0.88,52.81
327.44,2.0,49.75,-0.81,53.06
329.558,2.0,49.94,-0.81,53.25
331.611,2.0,50.06,-0.81,53.44
333.699,2.0,50.25,-0.81,53.69
335.809,2.0,50.38,-0.75,53.94
337.873,2.0,50.56,-0.81,54.06
339.937,2.0,50.75,-0.75,54.31
342.057,2.0,50.94,-0.81,54.44
344.122,2.0,51.13,-0.81,54.69
346.217,2.0,51.31,-0.75,54.88
348.294,2.0,51.44,-0.75,55.06
350.356,2.0,51.69,-0.75,55.25
352.465,2.0,51.88,-0.75,55.44
354.541,2.0,52.0,-0.69,55.56
356.615,2.0,52.19,-0.69,55.75
358.694,2.0,52.38,-0.69,55.94
360.78,2.0,52.56,-0.63,56.13
362.853,2.0,52.75,-0.63,56.31
364.962,2.0,52.94,-0.63,56.5
367.026,2.0,53.06,-0.63,56.69
369.097,2.0,53.25,-0.63,56.81
371.173,2.0,53.44,-0.56,57.0
373.297,2.0,53.63,-0.56,57.19
375.34,2.0,53.75,-0.56,57.38
377.46,2.0,54.0,-0.56,57.56
379.547,2.0,54.13,-0.5,57.75
381.618,2.0,54.31,-0.5,57.94
383.712,2.0,54.44,-0.5,58.13
385.781,2.0,54.63,-0.5,58.25
387.849,2.0,54.81,-0.5,58.44
389.92,2.0,55.0,-0.44,58.63
392.032,2.0,55.19,-0.44,58.75
394.119,2.0,55.31,-0.44,58.94
396.182,2.0,55.5,-0.44,59.13
398.263,2.0,55.69,-0.44,59.31
400.342,2.0,55.88,-0.44,59.44
402.449,2.0,56.06,-0.37,59.63
404.513,2.0,56.19,-0.37,59.81
406.6,2.0,56.38,-0.37,60.0
408.662,2.0,56.5,-0.37,60.13
410.783,2.0,56.69,-0.37,60.25
412.869,2.0,56.88,-0.37,60.44
414.938,2.0,57.06,-0.31,60.56
417.001,2.0,57.19,-0.31,60.81
419.113,2.0,57.38,-0.31,61.0
421.191,2.0,57.5,-0.31,61.19
423.268,2.5,57.69,-0.31,61.38
425.347,2.5,57.81,-0.31,61.56
427.424,2.5,58.0,-0.31,61.75
429.502,2.5,58.19,-0.25,61.94
431.592,2.5,58.31,-0.31,62.13
433.664,2.5,58.5,-0.25,62.31
435.772,2.5,58.63,-0.25,62.5
437.841,2.5,58.81,-0.25,62.69
439.921,2.5,59.0,-0.25,62.94
441.988,2.5,59.13,-0.19,63.06
444.104,2.5,59.31,-0.19,63.25
446.181,2.5,59.5,-0.19,63.44
448.261,2.5,59.63,-0.19,63.63
450.313,2.5,59.81,-0.12,63.81
452.423,2.5,59.94,-0.12,64.0
454.481,2.5,60.13,-0.12,64.12
456.588,2.5,60.25,-0.12,64.31
458.669,2.5,60.38,-0.12,64.5
460.755,2.5,60.56,-0.12,64.62
462.821,2.5,60.69,-0.06,64.81
464.92,2.5,60.88,-0.06,65.0
467.006,2.5,61.06,-0.12,65.19
469.09,2.5,61.19,-0.06,65.37
471.132,2.5,61.38,-0.06,65.5
473.243,2.5,61.5,-0.06,65.69
475.323,2.5,61.69,-0.06,65.87
477.39,2.5,61.81,-0.06,66.06
479.484,2.5,62.0,0.0,66.25
481.548,2.5,62.13,0.0,66.44
483.656,2.5,62.31,0.0,66.56
485.733,2.5,62.44,0.0,66.75
487.795,2.5,62.56,0.0,66.94
489.865,2.5,62.75,0.0,67.12
491.96,3.0,62.88,0.0,67.25
494.072,3.0,63.0,0.0,67.44
496.15,3.0,63.19,0.06,67.62
498.223,3.0,63.31,0.06,67.81
500.303,3.0,63.5,0.06,67.94
502.362,3.0,63.63,0.06,68.12
504.46,3.0,63.81,0.06,68.31
506.529,3.0,63.94,0.06,68.5
508.646,3.0,64.12,0.06,68.69
510.692,3.0,64.25,0.06,68.81
512.78,3.0,64.44,0.06,69.0
514.883,3.0,64.56,0.06,69.19
516.961,3.0,64.75,0.12,69.31
519.032,3.0,64.87,0.12,69.44
521.104,3.0,65.06,0.12,69.62
523.192,3.0,65.19,0.12,69.81
525.271,3.0,65.37,0.12,70.0
527.34,3.0,65.56,0.06,70.19
529.45,3.0,65.69,0.12,70.37
531.534,3.0,65.87,0.19,70.56
533.6,3.0,66.0,0.19,70.69
535.692,3.0,66.12,0.19,70.81
537.756,3.0,66.25,0.19,71.0
539.849,3.0,66.37,0.19,71.19
541.925,3.0,66.56,0.19,71.31
543.99,3.0,66.81,0.19,71.44
546.11,3.0,67.0,0.19,71.62
548.174,3.0,67.19,0.19,71.87
550.247,3.0,67.37,0.25,72.06
552.324,3.0,67.56,0.25,72.19
554.427,3.0,67.75,0.25,72.31
556.491,3.0,67.94,0.25,72.5
558.563,3.0,68.12,0.25,72.62
560.658,3.0,68.25,0.25,72.81
562.768,3.0,68.44,0.25,72.94
564.845,3.0,68.62,0.25,73.12
566.906,3.0,68.81,0.25,73.25
569.008,3.0,69.0,0.31,73.37
571.08,3.0,69.19,0.31,73.56
573.161,3.5,69.37,0.31,73.69
575.231,3.5,69.5,0.31,73.87
577.294,3.5,69.69,0.31,74.06
579.412,3.5,69.87,0.31,74.25
581.492,3.5,70.06,0.31,74.37
583.558,3.5,70.19,0.37,74.5
585.646,3.5,70.31,0.37,74.69
587.703,3.5,70.5,0.37,74.81
589.817,3.5,70.62,0.37,75.0
591.882,3.5,70.81,0.37,75.19
593.952,3.5,71.0,0.44,75.37
596.066,3.5,71.12,0.44,75.56
598.147,3.5,71.31,0.44,75.75
600.21,3.5,71.44,0.44,75.94
602.315,3.5,71.62,0.5,76.06
604.383,3.5,71.81,0.5,76.25
606.47,3.5,71.94,0.5,76.37
608.521,3.5,72.12,0.5,76.5
610.628,3.5,72.31,0.5,76.62
612.687,3.5,72.44,0.44,76.75
614.808,3.5,72.62,0.5,76.87
616.854,3.5,72.81,0.5,77.0
618.926,3.5,72.94,0.5,77.12
621.037,3.5,73.12,0.5,77.25
623.103,3.5,73.25,0.5,77.31
625.173,3.5,73.37,0.5,77.44
627.263,4.0,73.5,0.5,77.5
629.36,4.0,73.62,0.5,77.56
631.435,4.0,73.69,0.56,77.56
633.514,4.0,73.81,0.5,77.62
635.606,4.0,73.87,0.56,77.69
637.665,4.0,73.94,0.56,77.69
639.777,4.0,74.0,0.56,77.75
641.845,4.0,74.06,0.56,77.81
643.922,4.0,74.19,0.56,77.81
646.006,4.5,74.19,0.63,77.81
648.106,4.5,74.25,0.63,77.81
650.17,4.5,74.25,0.69,77.81
652.245,4.5,74.25,0.75,77.81
654.322,4.5,74.25,0.75,77.81
656.397,4.5,74.25,0.81,77.81
658.509,5.0,74.31,0.88,77.75
660.58,5.0,74.25,0.88,77.75
662.672,5.0,74.25,0.88,77.69
664.736,5.0,74.25,0.88,77.62
666.808,5.0,74.25,0.94,77.56
668.887,5.5,74.19,1.0,77.5
670.961,5.5,74.12,1.06,77.44
673.072,5.5,74.06,1.12,77.44
675.152,5.5,74.06,1.25,77.37
677.216,6.0,74.0,1.31,77.31
679.328,6.0,73.94,1.37,77.25
681.393,6.0,73.87,1.44,77.12
683.454,6.0,73.87,1.44,77.06
685.551,6.5,73.81,1.56,77.0
687.648,6.5,73.75,1.56,76.87
689.701,6.5,73.69,1.69,76.75
691.774,7.0,73.62,1.81,76.62
693.884,7.0,73.5,1.88,76.5
695.945,7.0,73.44,2.0,76.44
698.024,7.5,73.31,2.13,76.31
700.141,7.5,73.19,2.25,76.19
702.206,7.5,73.12,2.31,76.06
704.295,8.0,73.0,2.44,75.94
706.361,8.0,72.87,2.56,75.75
708.45,8.0,72.81,2.56,75.62
710.514,8.5,72.69,2.69,75.5
712.61,8.5,72.62,2.69,75.37
714.673,8.5,72.5,2.81,75.25
716.774,9.0,72.44,2.94,75.06
718.837,9.0,72.31,3.0,74.94
720.936,9.0,72.25,3.06,74.75
723.012,9.5,72.12,3.25,74.62
725.075,9.5,72.06,3.38,74.5
727.192,9.5,71.94,3.56,74.31
729.254,10.0,71.81,3.75,74.19
731.319,10.0,71.62,3.88,74.0
733.428,10.0,71.5,4.0,73.81
735.501,10.5,71.37,4.13,73.62
737.58,10.5,71.31,4.38,73.5
739.636,10.5,71.12,4.56,73.31
741.713,11.0,71.0,4.69,73.12
743.818,11.0,70.87,4.81,73.0
745.88,11.0,70.69,5.0,72.81
747.987,11.5,70.56,5.19,72.69
750.05,11.5,70.44,5.38,72.5
752.15,11.5,70.25,5.5,72.31
754.221,12.0,70.12,5.69,72.19
756.293,12.0,70.0,5.81,72.0
758.372,12.0,69.87,5.94,71.87
760.469,12.0,69.75,6.13,71.69
762.547,12.5,69.56,6.25,71.56
764.601,12.5,69.44,6.38,71.37
766.709,12.5,69.31,6.5,71.19
768.801,13.0,69.19,6.69,71.06
770.882,13.0,69.06,6.88,70.87
772.934,13.0,68.87,7.06,70.69
775.045,13.0,68.75,7.19,70.56
777.099,13.5,68.62,7.38,70.37
779.207,13.5,68.44,7.56,70.25
781.287,13.5,68.25,7.69,70.06
783.34,14.0,68.12,7.81,69.87
785.402,14.0,68.0,7.94,69.75
787.514,14.0,67.87,8.13,69.56
789.583,14.0,67.69,8.31,69.37
791.65,14.0,67.5,8.44,69.19
793.729,14.5,67.37,8.56,69.06
795.849,14.5,67.25,8.69,68.87
797.905,14.5,67.06,8.88,68.75
799.982,14.5,66.94,9.0,68.56
802.08,15.0,66.75,9.13,68.44
804.139,15.0,66.56,9.25,68.31
806.248,15.0,66.44,9.38,68.12
808.328,15.0,66.31,9.44,68.0
810.376,15.5,66.12,9.56,67.87
812.445,15.5,66.0,9.69,67.69
814.554,15.5,65.81,9.88,67.5
816.616,15.5,65.62,9.94,67.31
818.723,15.5,65.5,10.06,67.12
820.779,16.0,65.31,10.25,66.94
822.844,16.0,65.19,10.38,66.75
824.946,16.0,65.0,10.5,66.62
827.046,16.0,64.87,10.69,66.5
829.109,16.5,64.62,10.81,66.31
831.197,16.5,64.5,10.94,66.19
833.27,16.5,64.31,11.06,66.0
835.345,16.5,64.12,11.13,65.87
837.417,16.5,64.06,11.25,65.75
839.479,17.0,63.88,11.31,65.56
841.589,17.0,63.81,11.44,65.44
843.662,17.0,63.63,11.5,65.31
845.728,17.0,63.5,11.63,65.19
847.843,17.0,63.38,11.75,65.0
849.89,17.5,63.19,11.81,64.87
851.96,17.5,63.06,11.94,64.75
854.074,17.5,62.94,12.06,64.62
856.148,17.5,62.75,12.13,64.5
858.225,17.5,62.63,12.25,64.37
860.296,18.0,62.5,12.31,64.25
862.372,18.0,62.31,12.44,64.12
864.446,18.0,62.19,12.5,64.0
866.56,18.0,62.0,12.63,63.88
868.638,18.0,61.88,12.69,63.75
870.7,18.0,61.75,12.81,63.63
872.757,18.5,61.56,12.88,63.44
874.855,18.5,61.44,13.0,63.38
876.918,18.5,61.31,13.13,63.19
879.026,18.5,61.13,13.19,63.06
881.105,18.5,61.0,13.31,62.88
883.184,19.0,60.88,13.38,62.75
885.255,19.0,60.69,13.5,62.63
887.318,19.0,60.56,13.56,62.5
889.435,19.0,60.44,13.69,62.38
891.513,19.0,60.25,13.81,62.19
893.571,19.0,60.13,13.88,62.06
895.633,19.0,60.0,13.94,61.94
897.722,19.5,59.81,14.06,61.81
899.799,19.5,59.69,14.19,61.69
901.9,19.5,59.5,14.25,61.56
903.97,19.5,59.38,14.31,61.44
906.061,19.5,59.25,14.44,61.25
908.128,19.5,59.06,14.44,61.13
910.193,20.0,58.94,14.56,61.0
912.309,20.0,58.81,14.63,60.94
914.391,20.0,58.69,14.69,60.81
916.456,20.0,58.56,14.81,60.69
918.517,20.0,58.38,14.88,60.56
920.632,20.0,58.25,14.94,60.44
922.696,20.0,58.13,15.06,60.38
924.763,20.0,58.0,15.13,60.19
926.845,20.5,57.88,15.19,60.06
928.954,20.5,57.69,15.25,59.94
931.015,20.5,57.56,15.31,59.81
933.086,20.5,57.44,15.44,59.75
935.183,20.5,57.31,15.5,59.63
937.269,20.5,57.19,15.56,59.5
939.332,20.5,57.06,15.63,59.44
941.404,20.5,56.94,15.69,59.31
943.485,20.5,56.81,15.75,59.25
945.552,21.0,56.69,15.81,59.06
947.663,21.0,56.56,15.88,59.0
949.72,21.0,56.44,15.94,58.88
951.827,21.0,56.31,16.0,58.75
953.888,21.0,56.19,16.06,58.69
955.949,21.0,56.06,16.19,58.56
958.066,21.0,55.94,16.19,58.44
960.143,21.0,55.88,16.25,58.38
962.204,21.0,55.75,16.31,58.25
964.309,21.0,55.63,16.44,58.13
966.387,21.5,55.5,16.44,58.0
968.424,21.5,55.38,16.5,57.94
970.52,21.5,55.25,16.62,57.75
972.59,21.5,55.13,16.62,57.63
974.684,21.5,55.0,16.69,57.56
976.767,21.5,54.88,16.75,57.44
978.865,21.5,54.81,16.81,57.31
980.936,21.5,54.69,16.94,57.19
982.987,21.5,54.56,17.0,57.06
985.099,21.5,54.44,17.06,57.0
987.162,22.0,54.31,17.12,56.88
989.234,22.0,54.19,17.19,56.75
991.317,22.0,54.06,17.25,56.63
993.392,22.0,53.94,17.31,56.56
995.475,22.0,53.81,17.37,56.44
997.583,22.0,53.75,17.44,56.31
999.645,22.0,53.63,17.5,56.25
1001.74,22.0,53.5,17.56,56.19
1003.805,22.5,53.44,17.62,56.06
1005.88,22.5,53.38,17.69,56.0
1007.941,22.5,53.25,17.75,55.94
1010.06,22.5,53.19,17.75,55.81
1012.123,22.5,53.13,17.81,55.69
1014.181,22.5,53.0,17.87,55.56
1016.288,22.5,52.94,17.94,55.5
1018.354,22.5,52.81,18.0,55.38
1020.433,22.5,52.75,18.06,55.31
1022.535,22.5,52.63,18.12,55.19
1024.594,22.5,52.56,18.19,55.13
1026.701,22.5,52.44,18.19,55.0
1028.753,22.5,52.31,18.25,54.88
1030.813,22.5,52.25,18.31,54.81
1032.93,22.5,52.13,18.31,54.75
1034.979,22.5,52.06,18.37,54.63
1037.083,22.5,51.94,18.44,54.56
1039.177,22.5,51.81,18.5,54.44
1041.25,22.5,51.69,18.56,54.38
1043.315,22.5,51.63,18.56,54.25
1045.384,22.5,51.5,18.62,54.19
1047.491,23.0,51.44,18.69,54.06
1049.56,23.0,51.38,18.75,54.0
1051.638,23.0,51.25,18.81,53.88
1053.706,23.0,51.19,18.81,53.75
1055.77,23.0,51.06,18.87,53.69
1057.891,23.0,51.0,18.87,53.56
1059.969,23.0,50.88,18.94,53.5
1062.042,23.0,50.81,19.0,53.38
1064.105,23.0,50.69,19.06,53.31
1066.176,23.0,50.56,19.12,53.25
1068.257,23.0,50.5,19.12,53.13
1070.329,23.0,50.38,19.19,53.06
1072.426,23.0,50.31,19.25,52.94
1074.496,23.0,50.19,19.25,52.88
1076.565,23.0,50.13,19.31,52.81
1078.687,23.0,50.0,19.37,52.69
1080.751,23.0,49.94,19.37,52.63
1082.82,23.5,49.88,19.44,52.56
1084.931,23.5,49.75,19.5,52.44
1087.01,23.5,49.69,19.56,52.31
1089.07,23.5,49.63,19.56,52.25
1091.132,23.5,49.5,19.56,52.19
1093.209,23.5,49.38,19.62,52.06
1095.312,23.5,49.31,19.69,52.0
1097.382,23.5,49.25,19.75,51.88
1099.478,23.5,49.13,19.75,51.81
1101.544,23.5,49.06,19.75,51.69
1103.624,23.5,48.94,19.81,51.63
1105.693,23.5,48.88,19.87,51.5
1107.802,23.5,48.81,19.87,51.44
1109.881,23.5,48.75,19.87,51.31
1111.958,23.5,48.63,19.94,51.25
1114.03,23.5,48.56,20.0,51.19
1116.109,23.5,48.5,20.0,51.13
1118.181,23.5,48.44,20.06,51.0
1120.287,24.0,48.31,20.06,50.94
1122.356,24.0,48.25,20.12,50.81
1124.42,24.0,48.13,20.12,50.75
1126.517,24.0,48.06,20.19,50.69
1128.595,24.0,48.0,20.25,50.56
1130.663,24.0,47.88,20.25,50.5
1132.728,24.0,47.81,20.25,50.44
1134.846,24.0,47.75,20.31,50.31
1136.926,24.0,47.69,20.31,50.19
1138.996,24.0,47.56,20.37,50.13
1141.057,23.5,47.5,20.37,50.06
1143.128,23.5,47.44,20.44,50.0
1145.207,23.5,47.38,20.44,49.88
1147.3,23.5,47.25,20.5,49.81
1149.375,23.5,47.19,20.5,49.75
1151.489,23.5,47.13,20.56,49.69
1153.528,23.5,47.06,20.56,49.56
1155.639,23.5,47.0,20.62,49.5
1157.711,23.5,46.88,20.62,49.38
1159.807,23.5,46.81,20.69,49.31
1161.879,24.0,46.75,20.69,49.25
1163.942,24.0,46.63,20.69,49.19
1166.014,24.0,46.56,20.75,49.06
1168.125,24.0,46.56,20.75,49.0
1170.196,24.0,46.44,20.81,48.94
1172.276,24.0,46.38,20.81,48.88
1174.33,24.0,46.31,20.87,48.75
1176.439,24.0,46.25,20.87,48.69
1178.512,24.0,46.19,20.94,48.63
1180.577,24.0,46.06,20.94,48.56
1182.68,24.0,46.0,21.0,48.44
1184.759,24.0,45.88,21.0,48.38
1186.831,24.0,45.81,21.06,48.25
1188.927,24.0,45.75,21.06,48.19
1190.989,24.0,45.63,21.06,48.06
1193.047,24.0,45.56,21.12,48.0
1195.141,24.0,45.44,21.12,47.94
1197.205,24.0,45.38,21.12,47.88
1199.331,24.0,45.31,21.19,47.81
1201.41,24.0,45.25,21.19,47.75
1203.479,24.5,45.19,21.19,47.69
1205.542,24.5,45.13,21.25,47.56
1207.617,24.5,45.13,21.25,47.5
1209.69,24.5,45.06,21.31,47.44
1211.801,24.5,45.0,21.31,47.38
1213.872,24.5,44.94,21.31,47.25
1215.967,24.5,44.88,21.31,47.19
1218.039,24.5,44.88,21.37,47.13
1220.12,24.5,44.81,21.37,47.06
1222.195,24.5,44.75,21.44,47.0
1224.276,24.5,44.69,21.44,46.94
1226.345,24.5,44.63,21.44,46.81
1228.431,24.5,44.56,21.44,46.81
1230.503,24.5,44.5,21.5,46.69
1232.581,24.5,44.5,21.5,46.63
1234.688,24.5,44.44,21.5,46.56
1236.751,24.5,44.38,21.56,46.5
1238.822,24.5,44.38,21.56,46.44
1240.904,24.5,44.31,21.62,46.38
1242.978,24.5,44.19,21.62,46.31
1245.058,24.5,44.19,21.62,46.19
1247.133,24.5,44.13,21.69,46.13
1249.226,24.5,44.06,21.69,46.06
1251.317,24.5,44.0,21.69,46.0
1253.397,24.5,44.0,21.69,45.94
1255.5,24.5,43.94,21.69,45.88
1257.564,24.5,43.88,21.75,45.81
1259.625,24.5,43.75,21.75,45.75
1261.693,24.5,43.75,21.75,45.69
1263.788,24.5,43.69,21.81,45.63
1265.874,24.5,43.63,21.81,45.56
1267.951,24.5,43.56,21.87,45.5
1270.026,24.5,43.5,21.87,45.38
1272.135,24.5,43.44,21.87,45.38
1274.212,24.5,43.38,21.94,45.31
1276.263,24.5,43.31,21.94,45.25
1278.362,24.0,43.31,21.94,45.19
1280.425,24.0,43.25,21.94,45.13
1282.53,24.0,43.19,21.94,45.06
1284.611,24.0,43.13,22.0,44.94
1286.667,24.0,43.06,22.0,44.88
1288.778,24.0,43.06,22.0,44.81
1290.843,24.0,43.0,22.0,44.75
1292.908,24.0,42.94,22.06,44.69
1294.985,24.0,42.88,22.06,44.63
1297.099,24.0,42.81,22.06,44.56
1299.164,24.0,42.81,22.06,44.44
1301.258,24.0,42.75,22.12,44.38
1303.326,24.0,42.69,22.12,44.31
1305.392,24.0,42.63,22.12,44.31
1307.507,24.0,42.56,22.19,44.25
1309.587,24.0,42.5,22.19,44.13
1311.653,24.0,42.44,22.19,44.06
1313.719,24.0,42.38,22.25,44.06
1315.813,24.0,42.31,22.25,43.94
1317.875,24.0,42.25,22.25,43.88
1319.948,24.0,42.19,22.25,43.81
1322.047,24.0,42.13,22.25,43.81
1324.12,24.0,42.06,22.31,43.75
1326.23,24.0,42.0,22.31,43.69
1328.3,24.0,41.94,22.31,43.63
1330.396,24.0,41.88,22.37,43.56
1332.475,24.0,41.81,22.31,43.5
1334.543,24.0,41.81,22.37,43.44
1336.607,24.0,41.75,22.37,43.38
1338.681,24.0,41.69,22.37,43.31
1340.794,24.0,41.63,22.37,43.25
1342.865,24.0,41.56,22.37,43.19
1344.92,24.0,41.5,22.44,43.13
1347.002,24.0,41.5,22.44,43.06
1349.08,24.0,41.44,22.44,43.0
1351.197,24.0,41.38,22.44,42.94
1353.262,24.0,41.38,22.44,42.88
1355.336,24.0,41.31,22.44,42.81
1357.444,24.0,41.25,22.5,42.75
1359.521,24.0,41.19,22.5,42.75
1361.584,24.0,41.13,22.5,42.69
1363.659,24.0,41.06,22.5,42.56
1365.751,24.0,41.0,22.5,42.56
1367.821,24.0,40.94,22.5,42.5
1369.899,24.0,40.88,22.5,42.44
1371.977,24.0,40.81,22.56,42.38
1374.046,24.0,40.81,22.56,42.31
1376.173,24.0,40.69,22.56,42.25
1378.252,24.0,40.69,22.56,42.13
1380.3,24.0,40.63,22.56,42.13
1382.415,24.0,40.56,22.56,42.06
1384.489,24.0,40.5,22.62,41.94
1386.573,24.0,40.5,22.56,41.94
1388.638,24.0,40.44,22.62,41.88
1390.709,24.0,40.38,22.62,41.81
1392.791,24.0,40.31,22.62,41.75
1394.86,24.0,40.25,22.62,41.69
1396.947,24.0,40.25,22.62,41.69
1399.046,24.0,40.19,22.62,41.56
1401.097,24.0,40.13,22.69,41.56
1403.203,24.0,40.13,22.69,41.5
1405.301,24.0,40.06,22.69,41.44
1407.373,24.0,40.0,22.69,41.38
1409.454,24.0,39.94,22.69,41.31
1411.525,24.0,39.88,22.75,41.25
1413.59,24.0,39.81,22.69,41.19
1415.706,24.0,39.81,22.69,41.13
1417.775,24.0,39.75,22.75,41.06
1419.861,24.0,39.69,22.75,41.0
1421.928,24.0,39.69,22.75,40.94
1424.001,24.0,39.63,22.75,40.94
1426.101,24.0,39.56,22.81,40.88
1428.168,24.0,39.5,22.81,40.81
1430.26,24.0,39.5,22.81,40.75
1432.319,24.0,39.44,22.81,40.69
1434.435,24.0,39.44,22.81,40.63
1436.501,24.0,39.38,22.81,40.56
1438.564,24.0,39.31,22.81,40.56
1440.639,24.0,39.25,22.81,40.5
1442.751,24.0,39.19,22.87,40.44
1444.81,24.0,39.13,22.87,40.38
1446.918,24.0,39.13,22.87,40.31
1448.988,24.0,39.06,22.87,40.25
1451.051,24.0,39.0,22.81,40.25
1453.139,24.0,38.94,22.87,40.19
1455.214,24.0,38.88,22.87,40.13
1457.296,24.0,38.88,22.87,40.06
1459.363,24.0,38.81,22.87,40.06
1461.462,24.0,38.75,22.87,40.0
1463.539,24.0,38.75,22.87,39.94
1465.636,24.0,38.69,22.87,39.88
1467.706,24.0,38.63,22.87,39.88
1469.814,24.0,38.56,22.94,39.81
1471.889,24.0,38.56,22.94,39.75
1473.97,24.0,38.5,22.94,39.69
1476.039,24.0,38.44,22.94,39.63
1478.106,24.0,38.44,22.94,39.56
1480.213,24.0,38.38,22.94,39.56
1482.259,24.0,38.31,22.94,39.5
1484.375,24.0,38.31,23.0,39.44
1486.46,24.0,38.25,23.0,39.38
1488.515,24.0,38.25,23.0,39.38
1490.581,24.0,38.19,23.0,39.31
1492.676,24.0,38.13,23.0,39.25
1494.782,24.0,38.13,23.0,39.25
1496.854,24.0,38.06,23.0,39.19
1498.921,24.0,38.0,23.0,39.13
1500.991,24.0,38.0,23.0,39.06
1503.103,24.0,37.88,23.0,39.06
1505.178,24.0,37.88,23.06,39.0
1507.243,24.0,37.81,23.0,38.94
1509.31,24.0,37.81,23.0,38.88
1511.422,24.0,37.75,23.06,38.81
1513.504,24.0,37.69,23.0,38.81
1515.573,24.0,37.63,23.06,38.75
1517.673,24.0,37.63,23.06,38.69
1519.756,24.0,37.63,23.06,38.63
1521.84,24.0,37.56,23.06,38.56
1523.903,24.0,37.5,23.06,38.56
1525.968,24.0,37.44,23.06,38.5
1528.066,24.0,37.44,23.06,38.44
1530.135,24.0,37.38,23.12,38.38
1532.219,24.0,37.38,23.06,38.38
1534.326,24.0,37.31,23.06,38.31
1536.385,24.0,37.31,23.12,38.25
1538.452,24.0,37.25,23.12,38.19
1540.569,24.0,37.25,23.12,38.19
1542.634,24.0,37.19,23.12,38.13
1544.695,24.0,37.19,23.12,38.06
1546.776,24.0,37.13,23.12,38.06
1548.897,24.0,37.06,23.12,38.0
1550.976,24.0,37.06,23.12,37.94
1553.039,24.0,37.0,23.12,37.94
1555.103,24.0,36.94,23.12,37.88
1557.224,24.0,36.94,23.12,37.81
1559.288,24.0,36.88,23.12,37.81
1561.373,24.0,36.88,23.12,37.75
1563.455,24.0,36.81,23.12,37.69
1565.51,24.0,36.81,23.12,37.63
1567.595,24.0,36.69,23.12,37.63
1569.698,24.0,36.69,23.19,37.56
1571.772,24.0,36.69,23.12,37.56
1573.867,24.0,36.63,23.12,37.5
1575.94,23.5,36.63,23.19,37.44
1578.018,23.5,36.56,23.12,37.44
1580.094,23.5,36.5,23.19,37.38
1582.203,23.5,36.44,23.19,37.31
1584.266,24.0,36.44,23.19,37.31
1586.346,24.0,36.38,23.19,37.25
1588.444,23.5,36.38,23.19,37.25
1590.515,23.5,36.31,23.19,37.19
1592.59,23.5,36.31,23.19,37.13
1594.671,24.0,36.25,23.19,37.06
1596.76,24.0,36.25,23.19,37.0
1598.825,23.5,36.19,23.19,36.94
1600.937,23.5,36.19,23.19,36.94
1602.994,24.0,36.13,23.19,36.88
1605.099,23.5,36.13,23.25,36.88
1607.167,23.5,36.06,23.19,36.81
1609.226,24.0,36.06,23.25,36.75
1611.337,24.0,36.06,23.25,36.75
1613.407,24.0,36.0,23.25,36.69
1615.477,24.0,35.94,23.25,36.69
1617.582,24.0,35.94,23.25,36.63
1619.664,24.0,35.88,23.25,36.63
1621.71,24.0,35.88,23.25,36.56
1623.831,24.0,35.81,23.25,36.5
1625.919,24.0,35.81,23.25,36.5
1627.983,24.0,35.75,23.25,36.44
1630.067,24.0,35.69,23.25,36.38
1632.139,24.0,35.69,23.25,36.38
1634.217,24.0,35.63,23.25,36.31
1636.29,23.5,35.63,23.25,36.25
1638.402,23.5,35.56,23.25,36.25
1640.472,23.5,35.56,23.31,36.19
1642.539,23.5,35.56,23.25,36.19
1644.639,23.5,35.5,23.25,36.13
1646.697,23.5,35.5,23.31,36.06
1648.816,23.5,35.44,23.25,36.06
1650.883,24.0,35.44,23.25,36.0
1652.953,24.0,35.38,23.25,35.94
1655.02,24.0,35.38,23.25,35.88
1657.138,24.0,35.31,23.25,35.88
1659.198,24.0,35.25,23.25,35.81
1661.304,24.0,35.19,23.25,35.81
1663.372,24.0,35.19,23.25,35.75
1665.427,24.0,35.19,23.25,35.75
1667.541,24.0,35.19,23.25,35.69
1669.611,24.0,35.13,23.25,35.63
1671.709,24.0,35.13,23.25,35.63
1673.795,24.0,35.06,23.25,35.56
1675.857,24.0,35.06,23.25,35.56
1677.934,24.0,35.0,23.25,35.5
1680.044,24.0,34.94,23.25,35.5
1682.097,24.0,34.94,23.25,35.44
1684.209,24.0,34.88,23.25,35.38
1686.281,24.0,34.88,23.25,35.38
1688.359,24.0,34.88,23.25,35.31
1690.416,24.0,34.81,23.25,35.31
1692.527,24.0,34.81,23.25,35.25
1694.603,24.0,34.75,23.25,35.25
1696.675,24.0,34.75,23.25,35.25
1698.749,24.0,34.69,23.25,35.19
1700.863,24.0,34.69,23.25,35.13
1702.91,24.0,34.69,23.31,35.13
1704.984,24.0,34.63,23.25,35.13
1707.095,24.0,34.63,23.31,35.06
1709.167,24.0,34.56,23.31,35.0
1711.252,24.0,34.56,23.31,35.0
1713.322,24.0,34.56,23.31,34.94
1715.433,24.0,34.5,23.31,34.94
1717.473,24.0,34.5,23.31,34.94
1719.585,23.5,34.44,23.31,34.88
1721.656,23.5,34.44,23.31,34.81
1723.722,23.5,34.38,23.31,34.81
1725.807,23.5,34.38,23.31,34.75
1727.915,23.5,34.38,23.31,34.69
1729.968,23.5,34.38,23.31,34.69
1732.084,23.5,34.31,23.31,34.69
1734.15,23.5,34.31,23.31,34.63
1736.213,23.5,34.25,23.31,34.63
1738.3,23.5,34.25,23.31,34.56
1740.412,23.5,34.25,23.31,34.5
1742.481,23.5,34.19,23.31,34.5
1744.561,23.5,34.19,23.31,34.44
1746.632,23.5,34.19,23.31,34.44
1748.743,23.5,34.13,23.31,34.44
1750.8,23.5,34.13,23.31,34.38
1752.91,23.5,34.13,23.31,34.38
1754.982,23.5,34.06,23.31,34.31
1757.057,23.5,34.06,23.31,34.31
1759.136,23.5,34.0,23.31,34.25
1761.206,23.5,34.0,23.31,34.19
1763.316,23.5,34.0,23.31,34.19
1765.379,23.5,33.94,23.31,34.13
1767.486,23.5,33.94,23.31,34.06
1769.547,23.5,33.88,23.31,34.06
1771.613,23.0,33.88,23.31,34.06
1773.722,23.0,33.81,23.31,34.0
1775.802,23.0,33.81,23.31,33.94
1777.875,23.0,33.81,23.31,33.94
1779.955,23.0,33.75,23.31,33.88
1782.027,23.0,33.75,23.31,33.88
1784.139,23.0,33.69,23.31,33.81
1786.207,23.0,33.69,23.31,33.81
1788.287,23.0,33.69,23.31,33.75
1790.369,23.0,33.63,23.31,33.75
1792.43,23.0,33.63,23.31,33.69
1794.51,23.0,33.63,23.31,33.69
1796.608,23.0,33.56,23.31,33.63
1798.695,23.0,33.56,23.31,33.63
1800.757,23.0,33.5,23.31,33.56
1802.861,23.0,33.5,23.31,33.56
1804.926,23.0,33.5,23.37,33.56
1807.049,23.0,33.44,23.31,33.5
1809.11,23.0,33.44,23.31,33.44
1811.204,23.0,33.38,23.37,33.44
1813.256,23.0,33.38,23.31,33.38
1815.37,23.0,33.38,23.31,33.38
1817.424,23.0,33.31,23.37,33.31
1819.542,23.0,33.31,23.31,33.31
1821.617,23.0,33.25,23.31,33.31
1823.695,23.0,33.25,23.37,33.25
1825.767,23.0,33.25,23.31,33.19
1827.831,23.0,33.19,23.31,33.19
1829.92,23.0,33.19,23.37,33.13
1832.034,23.0,33.13,23.31,33.13
1834.106,23.0,33.13,23.31,33.06
1836.156,23.0,33.13,23.31,33.06
1838.273,23.0,33.06,23.31,33.0
1840.353,23.0,33.06,23.31,33.0
1842.429,23.0,33.06,23.37,32.94
1844.492,23.0,33.0,23.37,32.94
1846.578,23.0,33.0,23.31,32.94
1848.688,23.0,33.0,23.31,32.88
1850.737,23.0,32.94,23.37,32.88
1852.846,23.0,32.94,23.37,32.81
1854.91,23.0,32.88,23.37,32.81
1857.025,23.0,32.88,23.31,32.75
1859.097,23.0,32.81,23.31,32.75
1861.146,23.0,32.81,23.31,32.69
1863.255,23.0,32.75,23.31,32.69
1865.318,23.0,32.75,23.37,32.63
1867.436,23.0,32.75,23.31,32.63
1869.498,23.0,32.69,23.31,32.63
1871.578,23.0,32.69,23.37,32.56
1873.649,23.0,32.69,23.37,32.56
1875.754,23.0,32.63,23.31,32.5
1877.826,23.0,32.63,23.37,32.5
1879.899,23.0,32.56,23.31,32.44
1881.968,23.0,32.56,23.37,32.44
1884.096,23.0,32.56,23.37,32.38
1886.163,23.0,32.5,23.31,32.38
1888.229,23.0,32.5,23.31,32.38
1890.298,23.0,32.5,23.37,32.38
1892.378,23.0,32.44,23.37,32.31
1894.482,23.0,32.44,23.31,32.25
1896.545,23.0,32.38,23.37,32.25
1898.663,22.5,32.38,23.31,32.25
1900.727,23.0,32.38,23.31,32.19
1902.804,22.5,32.38,23.31,32.19
1904.88,22.5,32.31,23.31,32.19
1906.999,22.5,32.31,23.31,32.13
1909.061,22.5,32.25,23.31,32.13
1911.154,22.5,32.25,23.31,32.06
1913.207,22.5,32.25,23.31,32.06
1915.308,22.5,32.19,23.31,32.0
1917.374,22.5,32.19,23.31,32.0
1919.455,22.5,32.19,23.31,32.0
1921.535,22.5,32.19,23.31,31.94
1923.663,22.5,32.13,23.31,31.87
1925.739,22.5,32.13,23.31,31.87
1927.811,22.5,32.13,23.31,31.81
1929.875,22.5,32.06,23.31,31.81
1931.966,22.5,32.06,23.31,31.81
1934.039,22.5,32.06,23.31,31.75
1936.141,22.5,32.0,23.31,31.75
1938.225,22.5,32.0,23.31,31.75
1940.29,22.5,31.94,23.31,31.69
1942.361,22.5,31.94,23.31,31.69
1944.475,22.5,31.94,23.31,31.62
1946.547,22.5,31.94,23.31,31.62
1948.616,22.5,31.87,23.31,31.62
1950.721,22.5,31.87,23.31,31.56
1952.791,22.5,31.87,23.31,31.56
1954.866,22.5,31.81,23.31,31.5
1956.947,22.5,31.81,23.31,31.5
1959.019,22.5,31.81,23.31,31.5
1961.13,22.5,31.81,23.31,31.44
1963.201,22.5,31.75,23.31,31.44
1965.28,22.5,31.75,23.31,31.44
1967.392,22.5,31.69,23.31,31.37
1969.457,22.5,31.69,23.31,31.37
1971.526,22.5,31.69,23.31,31.37
1973.638,22.5,31.62,23.25,31.31
1975.683,22.5,31.62,23.25,31.31
1977.797,22.5,31.62,23.25,31.25
1979.88,22.5,31.62,23.31,31.25
1981.946,22.5,31.56,23.31,31.25
1984.035,22.5,31.56,23.25,31.19
1986.13,22.5,31.56,23.25,31.19
1988.2,22.5,31.56,23.31,31.12
1990.26,22.5,31.5,23.25,31.12
1992.372,22.5,31.5,23.25,31.06
1994.443,22.5,31.5,23.25,31.12
1996.539,22.5,31.44,23.25,31.06
1998.612,22.5,31.44,23.25,31.06
2000.713,22.5,31.44,23.25,31.0
2002.784,22.5,31.37,23.25,31.0
2004.88,22.5,31.37,23.25,30.94
2006.938,22.5,31.37,23.25,30.94
2009.048,22.5,31.37,23.25,30.94
2011.119,22.5,31.31,23.25,30.87
2013.196,22.5,31.31,23.25,30.87
2015.258,22.5,31.31,23.25,30.81
2017.364,22.5,31.25,23.25,30.81
2019.433,22.5,31.25,23.25,30.75
2021.534,22.5,31.19,23.19,30.75
2023.604,22.5,31.19,23.25,30.75
2025.67,22.5,31.19,23.25,30.75
2027.782,22.5,31.12,23.19,30.69
2029.857,22.5,31.19,23.25,30.69
2031.923,22.5,31.12,23.19,30.69
2034.003,22.5,31.12,23.25,30.62
2036.098,22.5,31.06,23.19,30.62
2038.164,22.5,31.06,23.19,30.62
2040.284,22.5,31.06,23.25,30.56
2042.365,22.5,31.06,23.25,30.56
2044.447,22.5,31.0,23.25,30.5
2046.527,22.5,31.0,23.19,30.5
2048.607,22.5,31.0,23.19,30.5
2050.677,22.5,30.94,23.25,30.5
2052.775,22.5,30.94,23.19,30.44
2054.847,22.5,30.94,23.19,30.44
2056.943,22.5,30.94,23.19,30.37
2059.012,22.5,30.87,23.19,30.37
2061.074,22.5,30.87,23.19,30.37
2063.161,22.5,30.87,23.19,30.31
2065.241,22.5,30.81,23.19,30.31
2067.347,22.5,30.81,23.19,30.31
2069.41,22.5,30.81,23.19,30.25
2071.531,22.5,30.75,23.19,30.25
2073.609,22.5,30.75,23.19,30.25
2075.665,22.5,30.75,23.19,30.25
2077.775,22.5,30.75,23.19,30.19
2079.837,22.5,30.75,23.19,30.19
2081.902,22.5,30.69,23.19,30.12
2084.004,22.5,30.62,23.19,30.12
2086.112,22.5,30.62,23.19,30.12
2088.182,22.5,30.62,23.19,30.12
2090.239,22.5,30.62,23.12,30.06
2092.356,22.5,30.62,23.12,30.06
2094.42,22.5,30.62,23.12,30.0
2096.487,22.5,30.56,23.19,30.0
2098.588,22.5,30.56,23.19,30.0
2100.648,22.0,30.56,23.19,29.94
2102.744,22.0,30.5,23.12,29.94
2104.856,22.0,30.5,23.12,29.94
2106.921,22.5,30.5,23.12,29.87
2108.984,22.0,30.44,23.12,29.87
2111.106,22.5,30.44,23.12,29.87
2113.156,22.5,30.44,23.12,29.81
2115.273,22.5,30.37,23.12,29.81
2117.357,22.5,30.37,23.12,29.81
2119.431,22.5,30.37,23.12,29.75
2121.513,22.5,30.37,23.12,29.75
2123.587,22.5,30.31,23.12,29.75
2125.655,22.5,30.31,23.12,29.75
2127.762,22.5,30.31,23.12,29.69
2129.822,22.5,30.31,23.12,29.69
2131.929,22.5,30.25,23.12,29.69
2133.994,22.5,30.25,23.12,29.62
2136.101,22.5,30.25,23.12,29.62
2138.186,22.5,30.19,23.12,29.56
2140.256,22.5,30.19,23.12,29.56
2142.336,22.5,30.19,23.06,29.56
2144.403,22.5,30.12,23.12,29.56
2146.512,22.0,30.12,23.06,29.5
2148.583,22.5,30.12,23.12,29.5
2150.65,22.5,30.12,23.12,29.44
2152.769,22.5,30.06,23.06,29.44
2154.837,22.0,30.06,23.06,29.44
2156.904,22.5,30.06,23.06,29.37
2159.015,22.0,30.0,23.06,29.37
2161.07,22.0,30.0,23.06,29.37
2163.145,22.5,30.0,23.06,29.37
2165.262,22.0,30.0,23.06,29.31
2167.338,22.5,29.94,23.06,29.31
2169.397,22.0,29.94,23.06,29.31
2171.516,22.5,29.94,23.06,29.25
2173.58,22.0,29.87,23.06,29.25
2175.648,22.0,29.87,23.06,29.25
2177.756,22.0,29.87,23.06,29.19
2179.824,22.0,29.87,23.06,29.19
2181.918,22.0,29.87,23.06,29.19
2183.985,22.0,29.81,23.06,29.19
2186.095,22.0,29.81,23.06,29.12
2188.17,22.5,29.81,23.06,29.12
2190.248,22.5,29.81,23.06,29.06
2192.315,22.5,29.75,23.0,29.06
2194.426,22.5,29.75,23.06,29.06
2196.49,22.5,29.75,23.0,29.0
2198.55,22.5,29.69,23.06,29.0
2200.65,22.5,29.69,23.06,29.0
2202.759,22.5,29.69,23.0,28.94
2204.841,22.5,29.62,23.0,28.94
2206.907,22.5,29.62,23.0,28.94
2209.012,22.5,29.62,23.0,28.94
2211.079,22.5,29.56,23.0,28.87
2213.142,22.5,29.56,23.0,28.87
2215.217,22.5,29.56,23.0,28.81
2217.318,22.5,29.5,23.0,28.81
2219.428,22.5,29.5,23.0,28.81
2221.498,22.5,29.5,23.0,28.81
2223.561,22.5,29.5,23.0,28.75
2225.636,22.5,29.44,23.0,28.75
2227.755,22.5,29.44,23.0,28.75
2229.827,22.5,29.44,23.0,28.75
2231.899,22.0,29.37,23.0,28.69
2234.01,22.0,29.37,23.0,28.69
2236.078,22.0,29.37,23.0,28.69
2238.141,22.0,29.31,23.0,28.69
2240.259,22.0,29.31,23.0,28.62
2242.296,22.0,29.31,23.0,28.62
2244.411,22.0,29.31,23.0,28.62
2246.477,22.0,29.31,23.0,28.56
2248.558,22.0,29.25,23.0,28.56
2250.672,22.0,29.25,23.0,28.56
2252.741,22.0,29.25,22.94,28.56
2254.804,22.0,29.25,23.0,28.5
2256.921,22.0,29.25,22.94,28.5
2259.003,22.0,29.19,22.94,28.5
2261.089,22.0,29.19,22.94,28.5
2263.151,22.0,29.19,22.94,28.44
2265.234,22.0,29.12,22.94,28.44
2267.331,22.0,29.12,22.94,28.44
2269.398,22.0,29.12,22.94,28.44
2271.508,22.0,29.12,22.94,28.37
2273.575,22.0,29.06,22.94,28.37
2275.638,22.0,29.06,22.94,28.37
2277.758,22.0,29.06,22.94,28.37
2279.838,22.0,29.06,22.94,28.31
2281.893,22.0,29.06,22.94,28.31
2283.996,22.0,29.06,22.87,28.31
2286.055,22.0,29.0,22.94,28.31
2288.171,22.0,29.0,22.87,28.25
2290.249,22.0,29.0,22.94,28.25
2292.322,22.0,29.0,22.94,28.25
2294.382,22.0,29.0,22.87,28.19
2296.497,22.0,28.94,22.87,28.19
2298.561,22.0,28.94,22.87,28.19
2300.632,22.0,28.94,22.87,28.19
2302.741,22.0,28.94,22.87,28.19
2304.809,22.0,28.87,22.87,28.19
2306.891,22.0,28.87,22.87,28.12
2308.966,22.0,28.87,22.87,28.12
2311.046,22.0,28.87,22.87,28.06
2313.166,22.0,28.87,22.87,28.06
2315.245,22.0,28.81,22.87,28.06
2317.316,22.0,28.81,22.87,28.06
2319.425,22.0,28.81,22.87,28.0
2321.487,22.0,28.81,22.87,28.0
2323.553,22.0,28.81,22.81,28.0
2325.669,22.0,28.75,22.81,28.0
2327.738,22.0,28.75,22.87,27.94
2329.81,22.0,28.75,22.81,28.0
2331.89,22.0,28.75,22.81,27.94
2334.01,22.0,28.75,22.81,27.94
2336.088,22.0,28.69,22.81,27.94
2338.161,22.0,28.69,22.81,27.94
2340.225,22.0,28.69,22.81,27.87
2342.315,22.0,28.69,22.81,27.87
2344.387,22.0,28.69,22.81,27.87
2346.472,22.0,28.69,22.81,27.87
2348.587,22.0,28.62,22.81,27.81
2350.653,22.0,28.62,22.81,27.81
2352.721,22.0,28.62,22.81,27.75
2354.801,22.0,28.56,22.75,27.81
2356.902,22.0,28.56,22.81,27.75
2358.979,22.0,28.56,22.75,27.75
2361.084,22.0,28.56,22.75,27.75
2363.17,22.0,28.56,22.75,27.75
2365.24,22.0,28.5,22.75,27.69
2367.309,22.0,28.5,22.75,27.69
2369.429,22.0,28.5,22.75,27.69
2371.509,22.0,28.5,22.75,27.69
2373.582,22.0,28.44,22.75,27.69
2375.645,22.0,28.44,22.75,27.62
2377.757,22.0,28.44,22.75,27.62
2379.836,22.0,28.44,22.75,27.62
2381.894,22.0,28.44,22.75,27.56
2384.002,22.0,28.37,22.75,27.56
2386.056,22.0,28.37,22.75,27.56
2388.164,22.0,28.37,22.75,27.56
2390.234,22.0,28.37,22.69,27.5
2392.312,22.0,28.31,22.75,27.5
2394.412,22.0,28.31,22.75,27.5
2396.474,22.0,28.31,22.69,27.44
2398.585,22.0,28.31,22.69,27.44
2400.638,22.0,28.31,22.75,27.44
2402.75,22.0,28.25,22.69,27.44
2404.82,22.0,28.25,22.69,27.44
2406.9,22.0,28.25,22.69,27.44
2408.97,22.0,28.25,22.69,27.37
2411.082,22.0,28.19,22.69,27.37
2413.17,22.0,28.19,22.69,27.37
2415.232,22.0,28.19,22.69,27.37
2417.303,22.0,28.19,22.69,27.37
2419.407,22.0,28.19,22.69,27.31
2421.481,22.0,28.19,22.69,27.31
2423.555,22.0,28.12,22.69,27.31
2425.677,22.0,28.12,22.69,27.31
2427.741,22.0,28.12,22.69,27.25
2429.808,22.0,28.12,22.69,27.25
2431.915,22.0,28.06,22.69,27.25
2433.984,22.0,28.06,22.69,27.25
2436.09,22.0,28.12,22.62,27.19
2438.165,22.0,28.06,22.62,27.19
2440.229,22.0,28.06,22.62,27.19
2442.335,22.0,28.0,22.62,27.19
2444.397,22.0,28.0,22.62,27.12
2446.499,22.0,28.0,22.62,27.12
2448.563,22.0,27.94,22.62,27.12
2450.684,22.0,28.0,22.62,27.12
2452.765,22.0,27.94,22.62,27.06
2454.845,22.0,27.94,22.62,27.06
2456.906,22.0,27.94,22.62,27.06
2459.011,22.0,27.94,22.62,27.06
2461.1,22.0,27.94,22.62,27.06
2463.154,22.0,27.87,22.62,27.06
2465.23,22.0,27.87,22.62,27.0
2467.326,22.0,27.87,22.62,27.0
2469.395,22.0,27.87,22.62,27.0
2471.508,22.0,27.87,22.62,27.0
2473.578,22.0,27.87,22.62,27.0
2475.688,22.0,27.81,22.62,26.94
2477.752,22.0,27.81,22.62,26.94
2479.813,22.0,27.81,22.62,26.94
2481.93,22.0,27.81,22.62,26.94
2484.009,22.0,27.81,22.62,26.87
2486.081,22.0,27.75,22.62,26.87
2488.193,22.0,27.75,22.62,26.87
2490.252,22.0,27.75,22.62,26.87
2492.348,22.0,27.69,22.56,26.81
2494.419,22.0,27.69,22.62,26.81
2496.496,22.0,27.69,22.56,26.81
2498.604,22.0,27.69,22.56,26.81
2500.658,22.0,27.69,22.56,26.75
2502.774,22.0,27.69,22.62,26.75
2504.838,22.0,27.69,22.56,26.75
2506.943,22.0,27.62,22.56,26.75
2508.99,22.0,27.62,22.56,26.75
2511.098,22.0,27.62,22.56,26.69
2513.16,22.0,27.62,22.56,26.69
2515.278,22.0,27.62,22.56,26.69
2517.326,22.0,27.56,22.56,26.69
2519.422,22.0,27.56,22.56,26.69
2521.493,22.0,27.56,22.56,26.62
2523.606,22.0,27.56,22.56,26.62
2525.686,22.0,27.56,22.56,26.62
2527.76,22.0,27.5,22.56,26.62
2529.829,22.0,27.5,22.56,26.56
2531.907,22.0,27.5,22.56,26.56
2534.025,21.5,27.5,22.56,26.56
2536.091,22.0,27.5,22.56,26.56
2538.164,21.5,27.44,22.56,26.56
2540.271,21.5,27.5,22.56,26.5
2542.343,21.5,27.44,22.56,26.5
2544.456,21.5,27.44,22.56,26.5
2546.53,21.5,27.44,22.56,26.5
2548.598,21.5,27.44,22.56,26.5
2550.664,21.5,27.44,22.56,26.5
2552.759,21.5,27.37,22.5,26.44
2554.844,21.5,27.37,22.56,26.44
2556.956,21.5,27.37,22.56,26.44
2559.018,21.5,27.37,22.5,26.44
2561.091,21.5,27.37,22.5,26.44
2563.177,21.5,27.37,22.5,26.37
2565.286,21.5,27.31,22.5,26.37
2567.363,21.5,27.31,22.5,26.37
2569.431,21.5,27.31,22.5,26.37
2571.528,21.5,27.31,22.5,26.37
2573.611,21.5,27.31,22.5,26.37
2575.674,21.5,27.31,22.5,26.31
2577.778,21.5,27.25,22.5,26.31
2579.842,21.5,27.25,22.5,26.31
2581.925,21.5,27.25,22.5,26.31
2584.036,21.5,27.25,22.5,26.31
2586.099,21.5,27.19,22.5,26.25
2588.193,21.5,27.19,22.5,26.25
2590.26,21.5,27.19,22.5,26.25
2592.355,21.5,27.19,22.5,26.25
2594.424,21.5,27.19,22.44,26.25
2596.533,21.5,27.19,22.5,26.25
2598.6,21.5,27.19,22.5,26.19
2600.68,21.5,27.12,22.44,26.19
2602.795,21.5,27.12,22.44,26.19
2604.857,21.5,27.12,22.44,26.19
2606.958,21.5,27.12,22.44,26.19
2609.02,21.5,27.12,22.44,26.19
2611.137,21.5,27.12,22.44,26.19
2613.184,21.5,27.06,22.44,26.12
2615.298,21.5,27.12,22.44,26.12
2617.376,21.5,27.06,22.44,26.12
2619.445,21.5,27.06,22.44,26.12
2621.552,21.5,27.06,22.44,26.12
2623.61,21.5,27.06,22.44,26.06
2625.719,21.5,27.06,22.44,26.06
2627.79,21.5,27.0,22.44,26.06
2629.865,21.5,27.0,22.44,26.06
