07:22:54.298 -> Time[s],T_wall[degC], RH_wall[%], T_A[degC], T_B[degC], T_C[degC], T_D[degC] 
07:22:57.239 -> 67.52, 25.03, 25.00, 24.75, 25.12, 25.00, 
07:23:00.111 -> 67.54, 25.01, 25.00, 24.81, 25.12, 25.00, 
07:23:02.965 -> 67.54, 25.03, 25.00, 24.81, 25.12, 25.00, 
07:23:05.780 -> 67.54, 25.01, 25.00, 24.81, 25.12, 25.00, 
07:23:08.655 -> 67.56, 25.04, 25.00, 24.81, 25.12, 25.00, 
07:23:11.492 -> 67.54, 25.00, 25.00, 24.81, 25.12, 25.00, 
07:23:14.358 -> 67.52, 25.03, 25.00, 24.81, 25.12, 25.00, 
07:23:17.197 -> 67.54, 25.01, 25.00, 24.81, 25.12, 25.00, 
07:23:20.061 -> 67.56, 25.04, 25.00, 24.81, 25.19, 25.00, 
07:23:22.883 -> 67.52, 25.00, 25.00, 24.81, 25.12, 25.00, 
07:23:25.764 -> 67.54, 25.01, 25.00, 24.75, 25.19, 25.00, 
07:23:28.578 -> 67.54, 25.01, 25.00, 24.81, 25.12, 25.00, 
07:23:31.441 -> 67.52, 25.03, 25.00, 24.75, 25.12, 25.00, 
07:23:34.307 -> 67.54, 25.01, 25.00, 24.75, 25.12, 25.00, 
07:23:37.120 -> 67.54, 25.03, 25.00, 24.81, 25.12, 25.00, 
07:23:40.002 -> 67.52, 25.01, 25.00, 24.81, 25.19, 25.00, 
07:23:42.834 -> 67.54, 25.01, 25.00, 24.81, 25.12, 25.00, 
07:23:45.695 -> 67.54, 25.01, 25.00, 24.81, 25.19, 25.00, 
07:23:48.565 -> 67.54, 25.01, 25.00, 24.81, 25.12, 25.00, 
07:23:51.372 -> 67.54, 25.01, 25.00, 24.75, 25.19, 25.00, 
07:23:54.234 -> 67.54, 25.01, 25.00, 24.75, 25.12, 25.00, 
07:23:57.098 -> 67.54, 25.03, 25.00, 24.75, 25.12, 25.00, 
07:23:59.942 -> 67.54, 25.03, 25.00, 24.81, 25.12, 25.00, 
07:24:02.810 -> 67.54, 25.01, 25.00, 24.75, 25.12, 25.00, 
07:24:05.632 -> 67.54, 25.03, 25.00, 24.75, 25.12, 25.00, 
07:24:08.481 -> 67.54, 25.01, 25.00, 24.81, 25.19, 25.00, 
07:24:11.350 -> 67.54, 25.03, 25.00, 24.81, 25.19, 25.00, 
07:24:14.206 -> 67.54, 25.03, 25.00, 24.81, 25.12, 25.00, 
07:24:17.023 -> 67.54, 25.03, 25.00, 24.75, 25.12, 25.00, 
07:24:19.884 -> 67.54, 25.03, 25.00, 24.75, 25.12, 25.00, 
07:24:22.750 -> 67.54, 25.03, 25.00, 24.75, 25.12, 25.00, 
07:24:25.566 -> 67.54, 25.03, 25.00, 24.75, 25.19, 25.00, 
07:24:28.425 -> 67.54, 25.03, 25.00, 24.75, 25.12, 25.00, 
07:24:31.279 -> 67.54, 25.01, 25.00, 24.75, 25.19, 25.00, 
07:24:34.141 -> 67.53, 25.04, 25.00, 24.75, 25.19, 25.00, 
07:24:36.963 -> 67.52, 25.00, 25.00, 24.81, 25.12, 25.00, 
07:24:39.858 -> 67.54, 25.01, 25.00, 24.75, 25.19, 25.00, 
07:24:42.675 -> 67.54, 25.01, 25.00, 24.81, 25.12, 25.00, 
07:24:45.551 -> 67.54, 25.03, 25.00, 24.75, 25.12, 25.00, 
07:24:48.384 -> 67.54, 25.03, 25.00, 24.75, 25.12, 25.00, 
07:24:51.213 -> 67.54, 25.03, 25.00, 24.75, 25.12, 25.00, 
07:24:54.070 -> 67.54, 25.01, 25.00, 24.75, 25.12, 25.00, 
07:24:56.929 -> 67.54, 25.01, 25.00, 24.75, 25.12, 25.00, 
07:24:59.777 -> 67.54, 25.03, 25.00, 24.75, 25.12, 25.00, 
07:25:02.640 -> 67.54, 25.01, 25.00, 24.75, 25.12, 25.00, 
07:25:05.501 -> 67.54, 25.03, 25.00, 24.75, 25.12, 25.00, 
07:25:08.355 -> 67.54, 25.01, 25.00, 24.75, 25.12, 25.00, 
07:25:11.183 -> 67.54, 25.03, 25.00, 24.75, 25.12, 25.00, 
07:25:14.012 -> 67.54, 25.01, 25.00, 24.75, 25.12, 25.00, 
07:25:16.877 -> 67.54, 25.03, 25.00, 24.75, 25.19, 25.00, 
07:25:19.726 -> 67.54, 25.03, 25.00, 24.75, 25.19, 25.00, 
07:25:22.568 -> 67.54, 25.01, 25.00, 24.75, 25.12, 25.00, 
07:25:25.455 -> 67.54, 25.03, 25.00, 24.75, 25.12, 25.00, 
07:25:28.313 -> 67.54, 25.03, 25.00, 24.75, 25.12, 25.00, 
07:25:31.115 -> 67.56, 25.04, 25.00, 24.75, 25.12, 25.00, 
07:25:33.972 -> 67.54, 25.01, 25.00, 24.75, 25.12, 25.00, 
07:25:36.832 -> 67.54, 25.03, 25.00, 24.75, 25.12, 25.00, 
07:25:39.685 -> 67.54, 25.01, 25.00, 24.75, 25.12, 25.00, 
07:25:42.540 -> 67.54, 25.03, 25.00, 24.75, 25.12, 25.00, 
07:25:45.378 -> 67.54, 25.01, 25.00, 24.75, 25.12, 25.00, 
07:25:48.233 -> 67.54, 25.03, 25.00, 24.75, 25.12, 25.00, 
07:25:51.067 -> 67.54, 25.03, 25.00, 24.81, 25.12, 25.00, 
07:25:53.929 -> 67.56, 25.04, 25.00, 24.75, 25.12, 25.00, 
07:25:56.790 -> 67.52, 25.01, 25.00, 24.75, 25.19, 25.00, 
07:25:59.617 -> 67.56, 25.04, 25.00, 24.75, 25.12, 25.00, 
07:26:02.489 -> 67.54, 25.03, 25.00, 24.75, 25.12, 25.00, 
07:26:05.310 -> 67.54, 25.03, 25.00, 24.75, 25.12, 24.94, 
07:26:08.170 -> 67.56, 25.04, 25.00, 24.75, 25.12, 25.00, 
07:26:11.021 -> 67.52, 25.01, 25.00, 24.75, 25.12, 25.00, 
07:26:13.871 -> 67.54, 25.03, 25.00, 24.75, 25.12, 25.00, 
07:26:16.706 -> 67.54, 25.03, 25.00, 24.75, 25.12, 25.00, 
07:26:19.569 -> 67.56, 25.04, 25.00, 24.75, 25.12, 25.00, 
07:26:22.426 -> 67.52, 25.03, 25.00, 24.75, 25.12, 25.00, 
07:26:25.281 -> 67.54, 25.03, 25.00, 24.75, 25.12, 25.00, 
07:26:28.134 -> 67.54, 25.03, 25.00, 24.75, 25.12, 24.94, 
07:26:30.993 -> 67.54, 25.01, 25.00, 24.75, 25.12, 25.00, 
07:26:33.811 -> 67.53, 25.04, 25.00, 24.75, 25.12, 24.94, 
07:26:36.673 -> 67.52, 25.00, 25.00, 24.75, 25.12, 25.00, 
07:26:39.538 -> 67.54, 25.03, 25.00, 24.75, 25.12, 25.00, 
07:26:42.396 -> 67.54, 25.01, 25.00, 24.75, 25.12, 24.94, 
07:26:45.207 -> 67.54, 25.03, 25.00, 24.75, 25.12, 25.00, 
07:26:48.095 -> 67.54, 25.03, 25.00, 24.75, 25.12, 25.00, 
07:26:50.922 -> 67.56, 25.04, 25.00, 24.75, 25.12, 25.00, 
07:26:53.754 -> 67.53, 25.05, 25.00, 24.75, 25.12, 24.94, 
07:26:56.609 -> 67.42, 25.66, 25.00, 24.75, 25.12, 25.00, 
07:26:59.484 -> 67.22, 26.06, 25.00, 24.75, 25.12, 25.00, 
07:27:02.344 -> 67.52, 25.22, 25.00, 24.75, 25.12, 24.94, 
07:27:05.162 -> 67.53, 25.11, 25.00, 24.75, 25.12, 25.00, 
07:27:08.010 -> 67.54, 25.00, 25.00, 24.75, 25.12, 25.00, 
07:27:10.871 -> 67.54, 25.18, 25.00, 24.75, 25.12, 24.94, 
07:27:13.704 -> 67.51, 25.12, 25.00, 24.75, 25.12, 24.94, 
07:27:16.561 -> 67.52, 25.07, 25.00, 24.75, 25.12, 24.94, 
07:27:19.427 -> 67.53, 25.10, 25.00, 24.75, 25.12, 24.94, 
07:27:22.295 -> 67.52, 25.07, 25.00, 24.75, 25.12, 24.94, 
07:27:25.101 -> 67.52, 25.08, 25.00, 24.75, 25.12, 24.94, 
07:27:27.969 -> 67.52, 25.07, 25.00, 24.75, 25.06, 24.94, 
07:27:30.833 -> 67.54, 25.08, 25.00, 24.75, 25.12, 24.94, 
07:27:33.659 -> 67.52, 25.07, 25.00, 24.75, 25.12, 24.94, 
07:27:36.518 -> 67.53, 25.11, 25.00, 24.75, 25.12, 24.94, 
07:27:39.391 -> 67.52, 25.07, 25.00, 24.75, 25.12, 24.94, 
07:27:42.208 -> 67.52, 25.08, 25.00, 24.75, 25.12, 24.94, 
07:27:45.059 -> 67.53, 25.05, 25.00, 24.75, 25.12, 25.00, 
07:27:47.921 -> 67.56, 25.10, 25.00, 24.75, 25.12, 25.00, 
07:27:50.768 -> 67.53, 25.05, 25.00, 24.75, 25.12, 24.94, 
07:27:53.620 -> 67.53, 25.10, 25.00, 24.75, 25.12, 24.94, 
07:27:56.461 -> 67.52, 25.07, 25.00, 24.75, 25.12, 24.94, 
07:27:59.312 -> 67.52, 25.08, 25.00, 24.75, 25.06, 24.94, 
07:28:02.185 -> 67.54, 25.07, 25.00, 24.75, 25.12, 24.94, 
07:28:05.036 -> 67.53, 25.10, 25.00, 24.75, 25.12, 24.94, 
07:28:07.865 -> 67.52, 25.08, 25.00, 24.75, 25.12, 24.94, 
07:28:10.704 -> 67.52, 25.08, 25.00, 24.75, 25.12, 24.94, 
07:28:13.551 -> 67.52, 25.08, 25.00, 24.75, 25.12, 24.94, 
07:28:16.425 -> 67.54, 25.08, 25.00, 24.75, 25.06, 24.94, 
07:28:19.288 -> 67.52, 25.08, 25.00, 24.75, 25.06, 24.94, 
07:28:22.127 -> 67.52, 25.08, 25.00, 24.75, 25.12, 24.94, 
07:28:24.989 -> 67.52, 25.08, 25.00, 24.75, 25.06, 24.94, 
07:28:27.807 -> 67.52, 25.07, 25.00, 24.75, 25.06, 24.94, 
07:28:30.672 -> 67.53, 25.10, 25.00, 24.75, 25.12, 24.94, 
07:28:33.541 -> 67.52, 25.08, 25.00, 24.75, 25.06, 24.94, 
07:28:36.367 -> 67.53, 25.10, 25.00, 24.75, 25.06, 24.94, 
07:28:39.223 -> 67.52, 25.07, 25.00, 24.75, 25.12, 24.94, 
07:28:42.035 -> 67.56, 25.11, 25.00, 24.75, 25.06, 24.94, 
07:28:44.941 -> 67.54, 25.08, 25.00, 24.75, 25.06, 24.94, 
07:28:47.749 -> 67.52, 25.08, 25.00, 24.75, 25.06, 24.94, 
07:28:50.611 -> 67.52, 25.08, 25.00, 24.75, 25.12, 24.94, 
07:28:53.471 -> 67.52, 25.08, 25.00, 24.75, 25.06, 24.94, 
07:28:56.338 -> 67.52, 25.08, 25.00, 24.75, 25.06, 24.94, 
07:28:59.208 -> 67.53, 25.10, 25.00, 24.75, 25.06, 24.94, 
07:29:02.014 -> 67.52, 25.08, 25.00, 24.75, 25.06, 24.94, 
07:29:04.878 -> 67.53, 25.10, 25.00, 24.75, 25.06, 24.94, 
07:29:07.739 -> 67.52, 25.08, 25.00, 24.75, 25.06, 24.94, 
07:29:10.555 -> 67.53, 25.10, 25.00, 24.75, 25.06, 24.94, 
07:29:13.398 -> 67.52, 25.07, 25.00, 24.75, 25.06, 24.94, 
07:29:16.264 -> 67.54, 25.08, 25.00, 24.75, 25.06, 24.94, 
07:29:19.119 -> 67.52, 25.08, 25.00, 24.75, 25.06, 24.94, 
07:29:21.978 -> 67.52, 25.07, 25.00, 24.75, 25.06, 24.94, 
07:29:24.802 -> 67.56, 25.11, 25.00, 24.75, 25.06, 24.94, 
07:29:27.678 -> 67.52, 25.07, 25.00, 24.75, 25.06, 24.94, 
07:29:30.485 -> 67.56, 25.10, 25.00, 24.75, 25.06, 25.00, 
07:29:33.356 -> 67.52, 25.08, 25.00, 24.75, 25.06, 24.94, 
07:29:36.215 -> 67.53, 25.10, 25.00, 24.75, 25.06, 24.94, 
07:29:39.060 -> 67.52, 25.07, 25.00, 24.75, 25.06, 24.94, 
07:29:41.894 -> 67.56, 25.10, 25.00, 24.69, 25.06, 24.94, 
07:29:44.751 -> 67.52, 25.08, 25.00, 24.75, 25.06, 24.94, 
07:29:47.609 -> 67.53, 25.11, 25.00, 24.75, 25.06, 24.94, 
07:29:50.470 -> 67.52, 25.08, 25.00, 24.75, 25.06, 24.94, 
07:29:53.332 -> 67.52, 25.08, 25.00, 24.75, 25.06, 24.94, 
07:29:56.189 -> 67.54, 25.07, 25.00, 24.75, 25.06, 24.94, 
07:29:59.003 -> 67.54, 25.08, 25.00, 24.75, 25.06, 24.94, 
07:30:01.851 -> 67.52, 25.07, 25.00, 24.75, 25.06, 24.94, 
07:30:04.704 -> 67.54, 25.08, 25.00, 24.75, 25.06, 24.94, 
07:30:07.587 -> 67.53, 25.10, 25.00, 24.75, 25.06, 24.94, 
07:30:10.435 -> 67.52, 25.08, 25.00, 24.75, 25.06, 24.94, 
07:30:13.249 -> 67.53, 25.10, 25.00, 24.75, 25.06, 24.94, 
07:30:16.103 -> 67.56, 25.10, 25.00, 24.75, 25.06, 24.94, 
07:30:18.988 -> 67.53, 25.11, 25.00, 24.75, 25.06, 24.94, 
07:30:21.814 -> 67.53, 25.11, 25.00, 24.75, 25.06, 24.94, 
07:30:24.681 -> 67.53, 25.11, 25.00, 24.75, 25.06, 24.94, 
07:30:27.490 -> 67.56, 25.10, 25.00, 24.75, 25.06, 24.94, 
07:30:30.383 -> 67.53, 25.10, 25.00, 24.75, 25.06, 24.94, 
07:30:33.195 -> 67.56, 25.10, 25.00, 24.75, 25.06, 24.94, 
07:30:36.056 -> 67.53, 25.10, 25.00, 24.75, 25.06, 24.94, 
07:30:38.924 -> 67.53, 25.11, 25.00, 24.75, 25.06, 24.94, 
07:30:41.740 -> 67.53, 25.11, 25.00, 24.75, 25.06, 24.94, 
07:30:44.599 -> 67.53, 25.12, 25.00, 24.75, 25.06, 24.94, 
07:30:47.465 -> 67.54, 25.17, 25.00, 24.75, 25.06, 24.94, 
07:30:50.312 -> 67.53, 25.15, 25.00, 24.75, 25.06, 24.94, 
07:30:53.171 -> 67.53, 25.12, 25.00, 24.75, 25.06, 24.94, 
07:30:55.993 -> 67.53, 25.10, 25.00, 24.75, 25.06, 24.94, 
07:30:58.850 -> 67.53, 25.10, 25.00, 24.75, 25.06, 24.94, 
07:31:01.703 -> 67.53, 25.12, 25.00, 24.75, 25.06, 24.94, 
07:31:04.557 -> 67.53, 25.10, 25.00, 24.75, 25.06, 24.94, 
07:31:07.415 -> 67.53, 25.11, 25.00, 24.75, 25.06, 24.94, 
07:31:10.279 -> 67.56, 25.10, 25.00, 24.75, 25.06, 24.94, 
07:31:13.100 -> 67.53, 25.11, 25.00, 24.75, 25.00, 24.94, 
07:31:15.965 -> 67.53, 25.10, 25.00, 24.75, 25.06, 24.94, 
07:31:18.826 -> 67.53, 25.10, 25.00, 24.75, 25.00, 24.94, 
07:31:21.660 -> 67.53, 25.10, 25.00, 24.75, 25.00, 24.94, 
07:31:24.512 -> 67.53, 25.10, 25.00, 24.69, 25.06, 24.94, 
07:31:27.381 -> 67.53, 25.11, 25.00, 24.69, 25.00, 24.94, 
07:31:30.189 -> 67.56, 25.11, 25.00, 24.75, 25.00, 24.94, 
07:31:33.047 -> 67.56, 25.11, 25.00, 24.75, 25.06, 24.94, 
07:31:35.930 -> 67.56, 25.10, 25.00, 24.75, 25.06, 24.94, 
07:31:38.757 -> 67.52, 25.08, 25.00, 24.75, 25.00, 24.94, 
07:31:41.605 -> 67.53, 25.10, 25.00, 24.69, 25.00, 24.94, 
07:31:44.457 -> 67.54, 25.08, 25.00, 24.75, 25.06, 24.94, 
07:31:47.289 -> 67.53, 25.11, 25.00, 24.75, 25.06, 24.94, 
07:31:50.163 -> 67.54, 25.08, 25.00, 24.75, 25.00, 24.94, 
07:31:53.021 -> 67.52, 25.08, 25.00, 24.75, 25.06, 24.94, 
07:31:55.882 -> 67.52, 25.08, 25.00, 24.75, 25.06, 24.94, 
07:31:58.705 -> 67.54, 25.08, 25.00, 24.69, 25.06, 24.94, 
07:32:01.580 -> 67.54, 25.08, 25.00, 24.75, 25.00, 24.94, 
07:32:04.417 -> 67.54, 25.08, 25.00, 24.75, 25.06, 24.94, 
07:32:07.259 -> 67.53, 25.10, 25.00, 24.69, 25.00, 24.94, 
07:32:10.091 -> 67.52, 25.07, 25.00, 24.75, 25.00, 24.94, 
07:32:12.973 -> 67.56, 25.10, 25.00, 24.69, 25.00, 24.94, 
07:32:15.812 -> 67.54, 25.07, 25.00, 24.69, 25.00, 24.94, 
07:32:18.674 -> 67.56, 25.10, 25.00, 24.75, 25.06, 24.94, 
07:32:21.519 -> 67.52, 25.08, 25.00, 24.75, 25.00, 24.94, 
07:32:24.354 -> 67.56, 25.10, 25.00, 24.75, 25.00, 24.94, 
07:32:27.206 -> 67.54, 25.08, 25.00, 24.75, 25.00, 24.94, 
07:32:30.077 -> 67.53, 25.10, 25.00, 24.75, 25.00, 24.94, 
07:32:32.918 -> 67.52, 25.08, 25.00, 24.69, 25.00, 24.94, 
07:32:35.747 -> 67.53, 25.10, 25.00, 24.75, 25.00, 24.94, 
07:32:38.632 -> 67.54, 25.08, 25.00, 24.75, 25.00, 24.94, 
07:32:41.475 -> 67.56, 25.10, 25.00, 24.69, 25.00, 24.94, 
07:32:44.348 -> 67.54, 25.08, 25.00, 24.75, 25.00, 24.87, 
07:32:47.177 -> 67.53, 25.10, 25.00, 24.75, 25.00, 24.94, 
07:32:50.029 -> 67.54, 25.08, 25.00, 24.69, 25.00, 24.94, 
07:32:52.834 -> 67.53, 25.11, 25.00, 24.69, 25.00, 24.94, 
07:32:55.692 -> 67.52, 25.08, 25.00, 24.75, 25.00, 24.94, 
07:32:58.569 -> 67.56, 25.10, 25.00, 24.69, 25.00, 24.94, 
07:33:01.399 -> 67.56, 25.10, 25.00, 24.69, 25.00, 24.94, 
07:33:04.280 -> 67.53, 25.10, 25.00, 24.75, 25.00, 24.94, 
07:33:07.123 -> 67.53, 25.10, 25.00, 24.75, 25.00, 24.87, 
07:33:09.949 -> 67.52, 25.08, 25.00, 24.69, 24.94, 24.87, 
07:33:12.794 -> 67.53, 25.11, 25.00, 24.69, 25.00, 24.87, 
07:33:15.671 -> 67.53, 25.11, 25.00, 24.69, 25.00, 24.87, 
07:33:18.523 -> 67.53, 25.11, 25.00, 24.75, 25.00, 24.94, 
07:33:21.363 -> 67.53, 25.11, 25.00, 24.75, 25.00, 24.87, 
07:33:24.219 -> 67.53, 25.11, 25.00, 24.75, 25.00, 24.94, 
07:33:27.080 -> 67.51, 25.11, 25.00, 24.69, 25.00, 24.94, 
07:33:29.906 -> 67.53, 25.12, 25.00, 24.69, 25.00, 24.94, 
07:33:32.761 -> 67.53, 25.11, 25.00, 24.69, 25.00, 24.87, 
07:33:35.611 -> 67.51, 25.14, 25.00, 24.69, 25.00, 24.87, 
07:33:38.470 -> 67.51, 25.12, 25.00, 24.75, 25.00, 24.87, 
07:33:41.321 -> 67.50, 25.19, 25.00, 24.69, 25.00, 24.94, 
07:33:44.174 -> 67.48, 25.48, 25.00, 24.75, 25.00, 24.94, 
07:33:47.020 -> 67.10, 26.47, 25.00, 24.69, 25.00, 24.87, 
07:33:49.836 -> 67.45, 25.55, 25.00, 24.69, 25.00, 24.94, 
07:33:52.688 -> 67.53, 25.15, 25.00, 24.69, 24.94, 24.87, 
07:33:55.578 -> 67.51, 25.15, 25.00, 24.75, 24.94, 24.94, 
07:33:58.398 -> 67.53, 25.14, 25.00, 24.69, 25.00, 24.87, 
07:34:01.250 -> 67.51, 25.14, 25.00, 24.69, 24.94, 24.87, 
07:34:04.118 -> 67.51, 25.14, 25.00, 24.69, 25.00, 24.87, 
07:34:06.967 -> 67.51, 25.14, 25.00, 24.69, 24.94, 24.94, 
07:34:09.826 -> 67.51, 25.15, 25.00, 24.69, 25.00, 24.87, 
07:34:12.646 -> 67.51, 25.14, 25.00, 24.69, 24.94, 24.87, 
07:34:15.489 -> 67.51, 25.14, 25.00, 24.69, 25.00, 24.87, 
07:34:18.344 -> 67.51, 25.14, 25.00, 24.69, 24.94, 24.87, 
07:34:21.229 -> 67.51, 25.14, 25.00, 24.69, 24.94, 24.87, 
07:34:24.037 -> 67.51, 25.14, 25.00, 24.75, 25.00, 24.87, 
07:34:26.915 -> 67.51, 25.12, 25.00, 24.69, 25.00, 24.87, 
07:34:29.768 -> 67.51, 25.14, 25.00, 24.69, 24.94, 24.87, 
07:34:32.595 -> 67.51, 25.14, 25.00, 24.75, 24.94, 24.87, 
07:34:35.462 -> 67.51, 25.14, 25.00, 24.69, 24.94, 24.87, 
07:34:38.316 -> 67.51, 25.14, 25.00, 24.69, 24.94, 24.87, 
07:34:41.157 -> 67.51, 25.12, 25.00, 24.69, 24.94, 24.87, 
07:34:44.004 -> 67.51, 25.12, 25.00, 24.69, 24.94, 24.87, 
07:34:46.869 -> 67.51, 25.14, 25.00, 24.69, 24.94, 24.87, 
07:34:49.705 -> 67.53, 25.12, 25.00, 24.69, 24.94, 24.87, 
07:34:52.576 -> 67.51, 25.14, 25.00, 24.69, 24.94, 24.87, 
07:34:55.414 -> 67.51, 25.12, 25.00, 24.69, 24.94, 24.87, 
07:34:58.245 -> 67.53, 25.12, 25.00, 24.69, 24.94, 24.87, 
07:35:01.105 -> 67.51, 25.12, 25.00, 24.69, 24.94, 24.87, 
07:35:03.945 -> 67.51, 25.12, 25.00, 24.69, 24.94, 24.87, 
07:35:06.813 -> 67.51, 25.12, 25.00, 24.69, 24.94, 24.87, 
07:35:09.634 -> 67.53, 25.12, 25.00, 24.69, 24.94, 24.87, 
07:35:12.491 -> 67.53, 25.11, 25.00, 24.69, 24.94, 24.87, 
07:35:15.358 -> 67.53, 25.12, 25.00, 24.69, 24.94, 24.87, 
07:35:18.221 -> 67.51, 25.12, 25.00, 24.69, 24.94, 24.87, 
07:35:21.068 -> 67.53, 25.12, 25.00, 24.69, 24.94, 24.87, 
07:35:23.883 -> 67.51, 25.11, 25.00, 24.69, 24.94, 24.87, 
07:35:26.778 -> 67.53, 25.14, 25.00, 24.69, 24.94, 24.87, 
07:35:29.607 -> 67.51, 25.12, 25.00, 24.75, 24.94, 24.87, 
07:35:32.442 -> 67.51, 25.12, 25.00, 24.69, 24.94, 24.87, 
07:35:35.297 -> 67.51, 25.11, 25.00, 24.69, 24.94, 24.87, 
07:35:38.161 -> 67.53, 25.12, 25.00, 24.69, 24.94, 24.87, 
07:35:40.998 -> 67.51, 25.11, 25.00, 24.69, 24.94, 24.87, 
07:35:43.850 -> 67.51, 25.12, 25.00, 24.69, 24.94, 24.87, 
07:35:46.680 -> 67.53, 25.11, 25.00, 24.69, 24.94, 24.87, 
07:35:49.571 -> 67.53, 25.14, 25.00, 24.69, 24.94, 24.87, 
07:35:52.400 -> 67.51, 25.12, 25.00, 24.69, 24.94, 24.87, 
07:35:55.264 -> 67.51, 25.14, 25.00, 24.69, 24.94, 24.87, 
07:35:58.119 -> 67.51, 25.11, 25.00, 24.69, 24.94, 24.87, 
07:36:00.931 -> 67.53, 25.14, 25.00, 24.69, 24.94, 24.87, 
07:36:03.784 -> 67.53, 25.12, 25.00, 24.69, 24.94, 24.87, 
07:36:06.641 -> 67.51, 25.12, 25.00, 24.69, 24.94, 24.87, 
07:36:09.524 -> 67.53, 25.14, 25.00, 24.69, 24.94, 24.87, 
07:36:12.366 -> 67.51, 25.14, 25.00, 24.69, 24.94, 24.87, 
07:36:15.190 -> 67.53, 25.14, 25.00, 24.69, 24.94, 24.87, 
07:36:18.046 -> 67.51, 25.14, 25.00, 24.69, 24.94, 24.87, 
07:36:20.922 -> 67.51, 25.15, 25.00, 24.69, 24.94, 24.87, 
07:36:23.745 -> 67.53, 25.14, 25.00, 24.69, 24.94, 24.87, 
07:36:26.610 -> 67.51, 25.14, 25.00, 24.69, 24.94, 24.87, 
07:36:29.449 -> 67.51, 25.14, 25.00, 24.69, 24.94, 24.87, 
07:36:32.296 -> 67.51, 25.14, 25.00, 24.75, 24.94, 24.87, 
07:36:35.147 -> 67.51, 25.14, 25.00, 24.69, 24.94, 24.87, 
07:36:38.002 -> 67.53, 25.14, 25.00, 24.69, 24.94, 24.87, 
07:36:40.869 -> 67.51, 25.12, 25.00, 24.69, 24.94, 24.87, 
07:36:43.689 -> 67.51, 25.14, 25.00, 24.69, 24.94, 24.87, 
07:36:46.565 -> 67.53, 25.14, 25.00, 24.69, 24.94, 24.87, 
07:36:49.390 -> 67.51, 25.14, 25.00, 24.69, 24.94, 24.87, 
07:36:52.256 -> 67.53, 25.12, 25.00, 24.69, 24.94, 24.87, 
07:36:55.085 -> 67.53, 25.14, 25.00, 24.69, 24.94, 24.87, 
07:36:57.932 -> 67.51, 25.12, 25.00, 24.69, 24.87, 24.87, 
07:37:00.820 -> 67.51, 25.12, 25.00, 24.69, 24.94, 24.87, 
07:37:03.661 -> 67.51, 25.14, 25.00, 24.69, 24.94, 24.87, 
07:37:06.484 -> 67.51, 25.15, 25.00, 24.69, 24.94, 24.87, 
07:37:09.333 -> 67.53, 25.32, 25.00, 24.69, 24.94, 24.87, 
07:37:12.216 -> 67.53, 25.12, 25.00, 24.69, 24.87, 24.87, 
07:37:15.067 -> 67.51, 25.12, 25.00, 24.69, 24.87, 24.87, 
07:37:17.882 -> 67.53, 25.11, 25.00, 24.69, 24.94, 24.87, 
07:37:20.729 -> 67.53, 25.11, 25.00, 24.69, 24.94, 24.87, 
07:37:23.594 -> 67.53, 25.12, 25.00, 24.69, 24.94, 24.87, 
07:37:26.453 -> 67.53, 25.11, 25.00, 24.69, 24.87, 24.87, 
07:37:29.311 -> 67.53, 25.11, 25.00, 24.69, 24.87, 24.81, 
07:37:32.153 -> 67.53, 25.11, 25.00, 24.69, 24.87, 24.87, 
07:37:35.013 -> 67.53, 25.11, 25.00, 24.69, 24.94, 24.87, 
07:37:37.868 -> 67.53, 25.11, 25.00, 24.69, 24.87, 24.87, 
07:37:40.698 -> 67.53, 25.12, 25.00, 24.69, 24.87, 24.87, 
07:37:43.574 -> 67.53, 25.11, 25.00, 24.69, 24.87, 24.87, 
07:37:46.383 -> 67.53, 25.12, 25.00, 24.69, 24.87, 24.87, 
07:37:49.260 -> 67.53, 25.12, 25.00, 24.69, 24.87, 24.81, 
07:37:52.076 -> 67.53, 25.11, 25.00, 24.69, 24.87, 24.87, 
07:37:54.929 -> 67.53, 25.14, 25.00, 24.69, 24.87, 24.87, 
07:37:57.820 -> 67.51, 25.12, 25.00, 24.69, 24.87, 24.87, 
07:38:00.670 -> 67.53, 25.12, 25.00, 24.69, 24.87, 24.87, 
07:38:03.477 -> 67.53, 25.14, 25.00, 24.69, 24.87, 24.87, 
07:38:06.342 -> 67.53, 25.14, 25.00, 24.69, 24.94, 24.87, 
07:38:09.204 -> 67.53, 25.12, 25.00, 24.69, 24.87, 24.87, 
07:38:12.033 -> 67.51, 25.12, 25.00, 24.69, 24.87, 24.81, 
07:38:14.896 -> 67.51, 25.12, 25.00, 24.69, 24.87, 24.87, 
07:38:17.730 -> 67.53, 25.12, 25.00, 24.69, 24.87, 24.87, 
07:38:20.587 -> 67.51, 25.12, 25.00, 24.69, 24.87, 24.87, 
07:38:23.439 -> 67.51, 25.12, 25.00, 24.69, 24.87, 24.87, 
07:38:26.317 -> 67.53, 25.11, 25.00, 24.69, 24.87, 24.87, 
07:38:29.162 -> 67.53, 25.12, 25.00, 24.69, 24.87, 24.87, 
07:38:31.991 -> 67.53, 25.11, 25.00, 24.69, 24.87, 24.87, 
07:38:34.841 -> 67.53, 25.11, 25.00, 24.69, 24.87, 24.81, 
07:38:37.711 -> 67.53, 25.11, 25.00, 24.69, 24.87, 24.81, 
07:38:40.537 -> 67.53, 25.10, 25.00, 24.69, 24.87, 24.81, 
07:38:43.416 -> 67.53, 25.10, 25.00, 24.69, 24.87, 24.81, 
07:38:46.271 -> 67.53, 25.11, 25.00, 24.69, 24.87, 24.81, 
07:38:49.121 -> 67.53, 25.11, 25.00, 24.69, 24.87, 24.87, 
07:38:51.937 -> 67.53, 25.11, 25.00, 24.69, 24.87, 24.81, 
07:38:54.774 -> 67.53, 25.12, 25.00, 24.69, 24.87, 24.87, 
07:38:57.642 -> 67.53, 25.12, 25.00, 24.69, 24.87, 24.81, 
07:39:00.516 -> 67.53, 25.12, 25.00, 24.69, 24.87, 24.87, 
07:39:03.343 -> 67.53, 25.12, 25.00, 24.69, 24.87, 24.81, 
07:39:06.178 -> 67.53, 25.12, 25.00, 24.69, 24.87, 24.81, 
07:39:09.027 -> 67.53, 25.12, 25.00, 24.69, 24.87, 24.81, 
07:39:11.915 -> 67.53, 25.12, 25.00, 24.69, 24.87, 24.87, 
07:39:14.762 -> 67.53, 25.11, 25.00, 24.69, 24.87, 24.81, 
07:39:17.586 -> 67.53, 25.14, 25.00, 24.69, 24.87, 24.81, 
07:39:20.430 -> 67.53, 25.12, 25.00, 24.69, 24.87, 24.87, 
07:39:23.287 -> 67.53, 25.12, 25.00, 24.69, 24.87, 24.81, 
07:39:26.167 -> 67.53, 25.12, 25.00, 24.69, 24.87, 24.81, 
07:39:28.998 -> 67.53, 25.12, 25.00, 24.69, 24.87, 24.87, 
07:39:31.853 -> 67.53, 25.14, 25.00, 24.69, 24.81, 24.81, 
07:39:34.702 -> 67.51, 25.12, 25.00, 24.69, 24.87, 24.81, 
07:39:37.566 -> 67.53, 25.14, 25.00, 24.69, 24.87, 24.81, 
07:39:40.392 -> 67.53, 25.14, 25.00, 24.69, 24.87, 24.81, 
07:39:43.252 -> 67.53, 25.12, 25.00, 24.69, 24.87, 24.87, 
07:39:46.111 -> 67.53, 25.14, 25.00, 24.69, 24.87, 24.81, 
07:39:48.941 -> 67.51, 25.15, 25.00, 24.69, 24.87, 24.81, 
07:39:51.800 -> 67.53, 25.14, 25.00, 24.69, 24.87, 24.81, 
07:39:54.670 -> 67.51, 25.14, 25.00, 24.69, 24.87, 24.81, 
07:39:57.519 -> 67.53, 25.12, 25.00, 24.69, 24.81, 24.81, 
07:40:00.329 -> 67.53, 25.12, 25.00, 24.69, 24.87, 24.87, 
07:40:03.198 -> 67.53, 25.14, 25.00, 24.69, 24.81, 24.81, 
07:40:06.034 -> 67.51, 25.12, 25.00, 24.69, 24.87, 24.81, 
07:40:08.903 -> 67.51, 25.15, 25.00, 24.69, 24.81, 24.81, 
07:40:11.749 -> 67.53, 25.14, 25.00, 24.69, 24.87, 24.81, 
07:40:14.580 -> 67.51, 25.12, 25.00, 24.69, 24.87, 24.81, 
07:40:17.446 -> 67.51, 25.14, 25.00, 24.69, 24.87, 24.81, 
07:40:20.301 -> 67.53, 25.12, 25.00, 24.69, 24.87, 24.81, 
07:40:23.132 -> 67.51, 25.12, 25.00, 24.69, 24.87, 24.81, 
07:40:25.976 -> 67.53, 25.14, 25.00, 24.69, 24.87, 24.81, 
07:40:28.864 -> 67.51, 25.14, 25.00, 24.69, 24.81, 24.81, 
07:40:31.697 -> 67.51, 25.14, 25.00, 24.69, 24.87, 24.81, 
07:40:34.538 -> 67.53, 25.14, 25.00, 24.69, 24.87, 24.81, 
07:40:37.386 -> 67.51, 25.14, 25.00, 24.69, 24.81, 24.81, 
07:40:40.240 -> 67.53, 25.14, 25.00, 24.69, 24.87, 24.81, 
07:40:43.105 -> 67.51, 25.15, 25.00, 24.69, 24.81, 24.81, 
07:40:45.933 -> 67.54, 25.18, 25.00, 24.69, 24.81, 24.81, 
07:40:48.799 -> 67.52, 25.17, 25.00, 24.69, 24.87, 24.81, 
07:40:51.621 -> 67.54, 25.17, 25.00, 24.69, 24.81, 24.81, 
07:40:54.495 -> 67.52, 25.17, 25.00, 24.69, 24.81, 24.81, 
07:40:57.323 -> 67.54, 25.17, 25.00, 24.69, 24.87, 24.81, 
07:41:00.199 -> 67.54, 25.17, 25.00, 24.69, 24.87, 24.81, 
07:41:03.044 -> 67.54, 25.17, 25.00, 24.62, 24.87, 24.81, 
07:41:05.884 -> 67.54, 25.18, 25.00, 24.62, 24.87, 24.81, 
07:41:08.757 -> 67.51, 25.15, 25.00, 24.69, 24.81, 24.81, 
07:41:11.581 -> 67.51, 25.15, 25.00, 24.69, 24.81, 24.81, 
07:41:14.452 -> 67.53, 25.15, 25.00, 24.69, 24.81, 24.81, 
07:41:17.302 -> 67.54, 25.17, 25.00, 24.62, 24.81, 24.81, 
07:41:20.160 -> 67.52, 25.17, 25.00, 24.69, 24.81, 24.81, 
07:41:23.014 -> 67.54, 25.18, 25.00, 24.69, 24.81, 24.81, 
07:41:25.866 -> 67.52, 25.21, 25.00, 24.69, 24.81, 24.81, 
07:41:28.675 -> 67.52, 25.19, 25.00, 24.69, 24.87, 24.81, 
07:41:31.528 -> 67.54, 25.18, 25.00, 24.69, 24.81, 24.81, 
07:41:34.401 -> 67.52, 25.18, 25.00, 24.62, 24.81, 24.81, 
07:41:37.230 -> 67.52, 25.18, 25.00, 24.69, 24.81, 24.81, 
07:41:40.085 -> 67.52, 25.17, 25.00, 24.69, 24.81, 24.81, 
07:41:42.956 -> 67.54, 25.18, 25.00, 24.69, 24.81, 24.81, 
07:41:45.804 -> 67.52, 25.17, 25.00, 24.69, 24.81, 24.81, 
07:41:48.632 -> 67.54, 25.17, 25.00, 24.69, 24.87, 24.81, 
07:41:51.492 -> 67.54, 25.17, 25.00, 24.69, 24.87, 24.81, 
07:41:54.366 -> 67.52, 25.21, 25.00, 24.69, 24.81, 24.81, 
07:41:57.171 -> 67.52, 25.19, 25.00, 24.69, 24.87, 24.81, 
07:42:00.064 -> 67.52, 25.17, 25.00, 24.69, 24.81, 24.81, 
07:42:02.875 -> 67.54, 25.18, 25.00, 24.69, 24.81, 24.81, 
07:42:05.737 -> 67.52, 25.19, 25.00, 24.69, 24.81, 24.81, 
07:42:08.588 -> 67.52, 25.19, 25.00, 24.69, 24.81, 24.81, 
07:42:11.460 -> 67.52, 25.19, 25.00, 24.69, 24.81, 24.81, 
07:42:14.269 -> 67.52, 25.21, 25.00, 24.62, 24.81, 24.81, 
07:42:17.158 -> 67.52, 25.21, 25.00, 24.69, 24.81, 24.81, 
07:42:19.973 -> 67.52, 25.21, 25.00, 24.69, 24.81, 24.81, 
07:42:22.861 -> 67.54, 25.19, 25.00, 24.69, 24.81, 24.81, 
07:42:25.686 -> 67.52, 25.21, 25.00, 24.69, 24.81, 24.81, 
07:42:28.550 -> 67.52, 25.22, 25.00, 24.69, 24.81, 24.81, 
07:42:31.374 -> 67.52, 25.22, 25.00, 24.69, 24.81, 24.81, 
07:42:34.226 -> 67.52, 25.21, 25.00, 24.69, 24.81, 24.81, 
07:42:37.091 -> 67.52, 25.21, 25.00, 24.69, 24.81, 24.81, 
07:42:39.920 -> 67.52, 25.18, 25.00, 24.62, 24.81, 24.81, 
07:42:42.802 -> 67.52, 25.18, 25.00, 24.69, 24.81, 24.81, 
07:42:45.657 -> 67.52, 25.18, 25.00, 24.62, 24.81, 24.81, 
07:42:48.484 -> 67.52, 25.19, 25.00, 24.62, 24.81, 24.81, 
07:42:51.347 -> 67.52, 25.21, 25.00, 24.69, 24.81, 24.81, 
07:42:54.171 -> 67.52, 25.22, 25.00, 24.69, 24.81, 24.81, 
07:42:57.032 -> 67.52, 25.19, 25.00, 24.69, 24.81, 24.81, 
07:42:59.899 -> 67.52, 25.19, 25.00, 24.69, 24.81, 24.81, 
07:43:02.751 -> 67.52, 25.21, 25.00, 24.62, 24.81, 24.81, 
07:43:05.613 -> 67.52, 25.21, 25.00, 24.69, 24.81, 24.81, 
07:43:08.424 -> 67.52, 25.19, 25.00, 24.69, 24.81, 24.81, 
07:43:11.282 -> 67.53, 25.15, 25.00, 24.62, 24.81, 24.81, 
07:43:14.139 -> 67.54, 25.18, 25.00, 24.62, 24.81, 24.81, 
07:43:17.007 -> 67.52, 25.21, 25.00, 24.62, 24.81, 24.81, 
07:43:19.843 -> 67.52, 25.19, 25.00, 24.69, 24.81, 24.81, 
07:43:22.682 -> 67.52, 25.21, 25.00, 24.62, 24.81, 24.81, 
07:43:25.532 -> 67.54, 25.17, 25.00, 24.69, 24.81, 24.75, 
07:43:28.411 -> 67.54, 25.21, 25.00, 24.69, 24.81, 24.81, 
07:43:31.258 -> 67.54, 25.18, 25.00, 24.62, 24.81, 24.81, 
07:43:34.073 -> 67.52, 25.19, 25.00, 24.69, 24.81, 24.81, 
07:43:36.918 -> 67.52, 25.22, 25.00, 24.62, 24.81, 24.81, 
07:43:39.776 -> 67.52, 25.21, 25.00, 24.62, 24.81, 24.81, 
07:43:42.653 -> 67.54, 25.18, 25.00, 24.62, 24.81, 24.81, 
07:43:45.477 -> 67.52, 25.21, 25.00, 24.62, 24.81, 24.81, 
07:43:48.350 -> 67.52, 25.21, 25.00, 24.69, 24.81, 24.81, 
07:43:51.173 -> 67.53, 25.24, 25.00, 24.62, 24.81, 24.81, 
07:43:54.019 -> 67.53, 25.24, 25.00, 24.62, 24.81, 24.81, 
07:43:56.901 -> 67.52, 25.22, 25.00, 24.62, 24.81, 24.81, 
07:43:59.763 -> 67.52, 25.22, 25.00, 24.69, 24.81, 24.81, 
07:44:02.591 -> 67.52, 25.19, 25.00, 24.69, 24.81, 24.81, 
07:44:05.416 -> 67.52, 25.21, 25.00, 24.62, 24.81, 24.81, 
07:44:08.309 -> 67.52, 25.22, 25.00, 24.62, 24.81, 24.81, 
07:44:11.161 -> 67.52, 25.22, 25.00, 24.62, 24.75, 24.81, 
07:44:13.981 -> 67.53, 25.24, 25.00, 24.69, 24.81, 24.81, 
07:44:16.831 -> 67.52, 25.21, 25.00, 24.62, 24.81, 24.81, 
07:44:19.668 -> 67.54, 25.22, 25.00, 24.69, 24.81, 24.81, 
07:44:22.533 -> 67.52, 25.21, 25.00, 24.69, 24.81, 24.81, 
07:44:25.374 -> 67.52, 25.22, 25.00, 24.69, 24.75, 24.81, 
07:44:28.240 -> 67.53, 25.24, 25.00, 24.62, 24.81, 24.81, 
07:44:31.105 -> 67.52, 25.21, 25.00, 24.62, 24.81, 24.81, 
07:44:33.961 -> 67.52, 25.22, 25.00, 24.69, 24.81, 24.75, 
07:44:36.800 -> 67.52, 25.19, 25.00, 24.62, 24.81, 24.75, 
07:44:39.647 -> 67.52, 25.21, 25.00, 24.69, 24.81, 24.81, 
07:44:42.509 -> 67.52, 25.22, 25.00, 24.62, 24.81, 24.81, 
07:44:45.355 -> 67.52, 25.19, 25.00, 24.69, 24.81, 24.81, 
07:44:48.168 -> 67.52, 25.21, 25.00, 24.62, 24.81, 24.81, 
07:44:51.056 -> 67.52, 25.21, 25.00, 24.69, 24.81, 24.81, 
07:44:53.895 -> 67.52, 25.21, 25.00, 24.62, 24.75, 24.75, 
07:44:56.761 -> 67.52, 25.21, 25.00, 24.62, 24.75, 24.81, 
07:44:59.576 -> 67.53, 25.24, 25.00, 24.62, 24.75, 24.81, 
07:45:02.439 -> 67.52, 25.21, 25.00, 24.62, 24.81, 24.81, 
07:45:05.295 -> 67.53, 25.24, 25.00, 24.62, 24.75, 24.81, 
07:45:08.149 -> 67.52, 25.22, 25.00, 24.62, 24.81, 24.81, 
07:45:10.967 -> 67.52, 25.21, 25.00, 24.62, 24.81, 24.81, 
07:45:13.845 -> 67.52, 25.22, 25.00, 24.62, 24.81, 24.81, 
07:45:16.665 -> 67.52, 25.22, 25.00, 24.62, 24.81, 24.81, 
07:45:19.519 -> 67.52, 25.22, 25.00, 24.62, 24.75, 24.81, 
07:45:22.389 -> 67.52, 25.22, 25.00, 24.69, 24.81, 24.81, 
07:45:25.221 -> 67.52, 25.21, 25.00, 24.62, 24.75, 24.81, 
07:45:28.093 -> 67.52, 25.21, 25.00, 24.69, 24.75, 24.75, 
07:45:30.960 -> 67.53, 25.24, 25.00, 24.62, 24.75, 24.81, 
07:45:33.786 -> 67.52, 25.19, 25.00, 24.62, 24.81, 24.75, 
07:45:36.616 -> 67.52, 25.21, 25.00, 24.69, 24.75, 24.81, 
07:45:39.482 -> 67.54, 25.19, 25.00, 24.62, 24.75, 24.75, 
07:45:42.330 -> 67.52, 25.21, 25.00, 24.69, 24.75, 24.75, 
07:45:45.199 -> 67.54, 25.22, 25.00, 24.62, 24.81, 24.81, 
07:45:48.015 -> 67.52, 25.22, 25.00, 24.62, 24.75, 24.75, 
07:45:50.889 -> 67.54, 25.19, 25.00, 24.62, 24.75, 24.81, 
07:45:53.723 -> 67.54, 25.21, 25.00, 24.62, 24.75, 24.75, 
07:45:56.589 -> 67.54, 25.21, 25.00, 24.69, 24.75, 24.75, 
07:45:59.418 -> 67.52, 25.22, 25.00, 24.62, 24.75, 24.75, 
07:46:02.304 -> 67.52, 25.21, 25.00, 24.62, 24.81, 24.75, 
07:46:05.158 -> 67.53, 25.24, 25.00, 24.62, 24.75, 24.75, 
07:46:07.979 -> 67.52, 25.22, 25.00, 24.62, 24.75, 24.75, 
07:46:10.822 -> 67.53, 25.24, 25.00, 24.62, 24.81, 24.81, 
07:46:13.685 -> 67.53, 25.25, 25.00, 24.62, 24.75, 24.81, 
07:46:16.524 -> 67.52, 25.22, 25.00, 24.62, 24.81, 24.81, 
07:46:19.366 -> 67.52, 25.22, 25.00, 24.62, 24.75, 24.75, 
07:46:22.233 -> 67.53, 25.24, 25.00, 24.62, 24.75, 24.81, 
07:46:25.101 -> 67.53, 25.26, 25.00, 24.62, 24.75, 24.75, 
07:46:27.958 -> 67.56, 25.32, 25.00, 24.62, 24.75, 24.81, 
07:46:30.770 -> 67.52, 25.19, 25.00, 24.62, 24.75, 24.75, 
07:46:33.641 -> 67.52, 25.22, 25.00, 24.62, 24.75, 24.75, 
07:46:36.481 -> 67.52, 25.19, 25.00, 24.62, 24.75, 24.75, 
07:46:39.342 -> 67.54, 25.22, 25.00, 24.69, 24.75, 24.75, 
07:46:42.177 -> 67.52, 25.17, 25.00, 24.62, 24.75, 24.75, 
07:46:45.046 -> 67.54, 25.19, 25.00, 24.62, 24.75, 24.81, 
07:46:47.878 -> 67.54, 25.19, 25.00, 24.62, 24.75, 24.75, 
07:46:50.720 -> 67.52, 25.22, 25.00, 24.62, 24.75, 24.75, 
07:46:53.604 -> 67.53, 25.26, 25.00, 24.62, 24.75, 24.75, 
07:46:56.423 -> 67.53, 25.26, 25.00, 24.62, 24.75, 24.81, 
07:46:59.295 -> 67.53, 25.24, 25.00, 24.62, 24.75, 24.75, 
07:47:02.142 -> 67.52, 25.22, 25.00, 24.62, 24.75, 24.75, 
07:47:05.003 -> 67.52, 25.21, 25.00, 24.62, 24.75, 24.75, 
07:47:07.821 -> 67.56, 25.25, 25.00, 24.62, 24.75, 24.75, 
07:47:10.680 -> 67.53, 25.25, 25.00, 24.62, 24.81, 24.75, 
07:47:13.528 -> 67.56, 25.24, 25.00, 24.62, 24.75, 24.75, 
07:47:16.385 -> 67.52, 25.22, 25.00, 24.62, 24.75, 24.75, 
07:47:19.253 -> 67.53, 25.25, 25.00, 24.62, 24.75, 24.75, 
07:47:22.061 -> 67.56, 25.24, 25.00, 24.62, 24.75, 24.75, 
07:47:24.923 -> 67.52, 25.21, 25.00, 24.62, 24.75, 24.75, 
07:47:27.782 -> 67.52, 25.22, 25.00, 24.62, 24.75, 24.75, 
07:47:30.645 -> 67.53, 25.24, 25.00, 24.62, 24.75, 24.81, 
07:47:33.471 -> 67.51, 25.25, 25.00, 24.62, 24.75, 24.75, 
07:47:36.349 -> 67.52, 25.22, 25.00, 24.62, 24.75, 24.81, 
07:47:39.171 -> 67.52, 25.19, 25.00, 24.62, 24.75, 24.75, 
07:47:42.023 -> 67.54, 25.19, 25.00, 24.62, 24.75, 24.75, 
07:47:44.873 -> 67.54, 25.19, 25.00, 24.62, 24.75, 24.75, 
07:47:47.723 -> 67.54, 25.22, 25.00, 24.62, 24.75, 24.75, 
07:47:50.573 -> 67.52, 25.22, 25.00, 24.62, 24.75, 24.75, 
07:47:53.441 -> 67.52, 25.19, 25.00, 24.62, 24.75, 24.75, 
07:47:56.299 -> 67.52, 25.22, 25.00, 24.62, 24.75, 24.75, 
07:47:59.149 -> 67.52, 25.22, 25.00, 24.62, 24.75, 24.75, 
07:48:01.987 -> 67.53, 25.24, 25.00, 24.62, 24.75, 24.75, 
07:48:04.840 -> 67.53, 25.25, 25.00, 24.62, 24.75, 24.75, 
07:48:07.692 -> 67.54, 25.22, 25.00, 24.62, 24.75, 24.75, 
07:48:10.513 -> 67.52, 25.21, 25.00, 24.62, 24.75, 24.75, 
07:48:13.376 -> 67.52, 25.22, 25.00, 24.62, 24.75, 24.75, 
07:48:16.246 -> 67.52, 25.22, 25.00, 24.62, 24.75, 24.81, 
07:48:19.082 -> 67.52, 25.21, 25.00, 24.62, 24.75, 24.75, 
07:48:21.931 -> 67.54, 25.21, 25.00, 24.69, 24.75, 24.75, 
07:48:24.788 -> 67.52, 25.19, 25.00, 24.62, 24.75, 24.75, 
07:48:27.627 -> 67.54, 25.18, 25.00, 24.62, 24.75, 24.75, 
07:48:30.505 -> 67.54, 25.17, 25.00, 24.62, 24.75, 24.75, 
07:48:33.353 -> 67.54, 25.18, 25.00, 24.62, 24.75, 24.75, 
07:48:36.162 -> 67.52, 25.18, 25.00, 24.62, 24.75, 24.75, 
07:48:39.022 -> 67.54, 25.18, 25.00, 24.62, 24.75, 24.75, 
07:48:41.888 -> 67.54, 25.18, 25.00, 24.62, 24.75, 24.75, 
07:48:44.746 -> 67.52, 25.18, 25.00, 24.62, 24.75, 24.75, 
07:48:47.570 -> 67.52, 25.19, 25.00, 24.62, 24.75, 24.75, 
07:48:50.414 -> 67.54, 25.18, 25.00, 24.62, 24.75, 24.75, 
07:48:53.288 -> 67.52, 25.18, 25.00, 24.62, 24.75, 24.75, 
07:48:56.149 -> 67.52, 25.18, 25.00, 24.62, 24.75, 24.75, 
07:48:58.992 -> 67.54, 25.19, 25.00, 24.62, 24.75, 24.75, 
07:49:01.816 -> 67.54, 25.19, 25.00, 24.62, 24.75, 24.75, 
07:49:04.699 -> 67.52, 25.22, 25.00, 24.62, 24.75, 24.75, 
07:49:07.554 -> 67.52, 25.21, 25.00, 24.62, 24.75, 24.75, 
07:49:10.361 -> 67.52, 25.21, 25.00, 24.62, 24.75, 24.75, 
07:49:13.219 -> 67.52, 25.21, 25.00, 24.62, 24.75, 24.75, 
07:49:16.105 -> 67.54, 25.21, 25.00, 24.62, 24.75, 24.75, 
07:49:18.913 -> 67.54, 25.22, 25.00, 24.62, 24.75, 24.75, 
07:49:21.775 -> 67.52, 25.21, 25.00, 24.62, 24.69, 24.75, 
07:49:24.644 -> 67.52, 25.21, 25.00, 24.62, 24.75, 24.75, 
07:49:27.464 -> 67.54, 25.21, 25.00, 24.62, 24.75, 24.75, 
07:49:30.311 -> 67.52, 25.22, 25.00, 24.62, 24.75, 24.75, 
07:49:33.169 -> 67.52, 25.21, 25.00, 24.62, 24.75, 24.75, 
07:49:36.034 -> 67.52, 25.22, 25.00, 24.62, 24.75, 24.75, 
07:49:38.901 -> 67.52, 25.21, 25.00, 24.62, 24.75, 24.75, 
07:49:41.715 -> 67.54, 25.22, 25.00, 24.62, 24.75, 24.75, 
07:49:44.603 -> 67.52, 25.21, 25.00, 24.62, 24.75, 24.75, 
07:49:47.431 -> 67.54, 25.22, 25.00, 24.62, 24.75, 24.75, 
07:49:50.297 -> 67.52, 25.21, 25.00, 24.62, 24.69, 24.75, 
07:49:53.118 -> 67.54, 25.22, 25.00, 24.62, 24.69, 24.75, 
07:49:55.981 -> 67.52, 25.21, 25.00, 24.62, 24.75, 24.75, 
07:49:58.854 -> 67.54, 25.21, 25.00, 24.62, 24.69, 24.75, 
07:50:01.669 -> 67.52, 25.21, 25.00, 24.62, 24.75, 24.75, 
07:50:04.524 -> 67.52, 25.22, 25.00, 24.62, 24.69, 24.75, 
07:50:07.362 -> 67.52, 25.22, 25.00, 24.62, 24.69, 24.75, 
07:50:10.251 -> 67.52, 25.21, 25.00, 24.62, 24.69, 24.75, 
07:50:13.062 -> 67.54, 25.19, 25.00, 24.62, 24.75, 24.75, 
07:50:15.915 -> 67.52, 25.21, 25.00, 24.62, 24.69, 24.75, 
07:50:18.783 -> 67.54, 25.21, 25.00, 24.62, 24.69, 24.75, 
07:50:21.636 -> 67.54, 25.22, 25.00, 24.62, 24.69, 24.75, 
07:50:24.459 -> 67.52, 25.21, 25.00, 24.62, 24.69, 24.75, 
07:50:27.327 -> 67.56, 25.24, 25.00, 24.62, 24.69, 24.75, 
07:50:30.169 -> 67.52, 25.22, 25.00, 24.62, 24.69, 24.75, 
07:50:33.025 -> 67.52, 25.22, 25.00, 24.62, 24.69, 24.75, 
07:50:35.900 -> 67.52, 25.22, 25.00, 24.62, 24.69, 24.75, 
07:50:38.710 -> 67.52, 25.22, 25.00, 24.62, 24.75, 24.75, 
07:50:41.594 -> 67.53, 25.24, 25.00, 24.62, 24.69, 24.75, 
07:50:44.445 -> 67.52, 25.21, 25.00, 24.62, 24.69, 24.75, 
07:50:47.257 -> 67.54, 25.22, 25.00, 24.62, 24.69, 24.75, 
07:50:50.151 -> 67.52, 25.22, 25.00, 24.62, 24.75, 24.75, 
07:50:52.976 -> 67.52, 25.22, 25.00, 24.62, 24.69, 24.75, 
07:50:55.853 -> 67.52, 25.22, 25.00, 24.62, 24.69, 24.75, 
07:50:58.698 -> 67.52, 25.22, 25.00, 24.62, 24.69, 24.75, 
07:51:01.523 -> 67.52, 25.21, 25.00, 24.62, 24.69, 24.75, 
07:51:04.382 -> 67.53, 25.24, 25.00, 24.62, 24.69, 24.75, 
07:51:07.240 -> 67.52, 25.22, 25.00, 24.62, 24.69, 24.75, 
07:51:10.101 -> 67.53, 25.24, 25.00, 24.62, 24.75, 24.75, 
07:51:12.948 -> 67.52, 25.22, 25.00, 24.62, 24.69, 24.75, 
07:51:15.796 -> 67.52, 25.21, 25.00, 24.62, 24.69, 24.75, 
07:51:18.634 -> 67.52, 25.22, 25.00, 24.62, 24.69, 24.75, 
07:51:21.459 -> 67.52, 25.21, 25.00, 24.62, 24.69, 24.75, 
07:51:24.317 -> 67.54, 25.22, 25.00, 24.62, 24.69, 24.75, 
07:51:27.200 -> 67.54, 25.21, 25.00, 24.62, 24.69, 24.75, 
07:51:30.025 -> 67.52, 25.22, 25.00, 24.62, 24.69, 24.75, 
07:51:32.875 -> 67.52, 25.22, 25.00, 24.62, 24.69, 24.75, 
07:51:35.718 -> 67.52, 25.22, 25.00, 24.62, 24.69, 24.75, 
07:51:38.581 -> 67.53, 25.26, 25.00, 24.62, 24.69, 24.75, 
07:51:41.433 -> 67.56, 25.31, 25.00, 24.62, 24.69, 24.75, 
07:51:44.293 -> 67.54, 25.28, 25.00, 24.62, 24.69, 24.75, 
07:51:47.139 -> 67.54, 25.28, 25.00, 24.62, 24.69, 24.75, 
07:51:49.961 -> 67.53, 25.26, 25.00, 24.62, 24.69, 24.75, 
07:51:52.850 -> 67.53, 25.25, 25.00, 24.62, 24.69, 24.75, 
07:51:55.659 -> 67.56, 25.25, 25.00, 24.62, 24.69, 24.75, 
07:51:58.509 -> 67.53, 25.25, 25.00, 24.62, 24.69, 24.75, 
07:52:01.378 -> 67.54, 25.28, 25.00, 24.62, 24.69, 24.75, 
07:52:04.223 -> 67.56, 25.29, 25.00, 24.62, 24.69, 24.75, 
07:52:07.065 -> 67.54, 25.28, 25.00, 24.62, 24.69, 24.75, 
07:52:09.946 -> 67.53, 25.26, 25.00, 24.62, 24.69, 24.75, 
07:52:12.773 -> 67.53, 25.24, 25.00, 24.56, 24.69, 24.75, 
07:52:15.632 -> 67.54, 25.22, 25.00, 24.62, 24.69, 24.75, 
07:52:18.457 -> 67.53, 25.25, 25.00, 24.56, 24.69, 24.75, 
07:52:21.330 -> 67.56, 25.34, 25.00, 24.62, 24.69, 24.75, 
07:52:24.203 -> 67.53, 25.26, 25.00, 24.62, 24.69, 24.75, 
07:52:27.019 -> 67.53, 25.25, 25.00, 24.62, 24.69, 24.75, 
07:52:29.888 -> 67.53, 25.35, 25.00, 24.62, 24.69, 24.75, 
07:52:32.743 -> 67.56, 25.29, 25.00, 24.56, 24.69, 24.75, 
07:52:35.564 -> 67.53, 25.35, 25.00, 24.62, 24.69, 24.75, 
07:52:38.408 -> 67.56, 25.32, 25.00, 24.62, 24.69, 24.75, 
07:52:41.271 -> 67.53, 25.31, 25.00, 24.62, 24.69, 24.75, 
07:52:44.130 -> 67.56, 25.32, 25.00, 24.62, 24.69, 24.75, 
07:52:46.977 -> 67.56, 25.31, 25.00, 24.56, 24.69, 24.75, 
07:52:49.849 -> 67.56, 25.31, 25.00, 24.56, 24.69, 24.75, 
07:52:52.652 -> 67.53, 25.25, 25.00, 24.62, 24.69, 24.75, 
07:52:55.536 -> 67.56, 25.31, 25.00, 24.62, 24.69, 24.75, 
07:52:58.361 -> 67.53, 25.25, 25.00, 24.62, 24.69, 24.75, 
07:53:01.207 -> 67.53, 25.26, 25.00, 24.62, 24.69, 24.75, 
07:53:04.068 -> 67.53, 25.24, 25.00, 24.62, 24.69, 24.75, 
07:53:06.922 -> 67.53, 25.26, 25.00, 24.56, 24.69, 24.75, 
07:53:09.782 -> 67.53, 25.25, 25.00, 24.62, 24.69, 24.75, 
07:53:12.614 -> 67.56, 25.29, 25.00, 24.62, 24.69, 24.75, 
07:53:15.467 -> 67.53, 25.26, 25.00, 24.62, 24.69, 24.75, 
07:53:18.303 -> 67.53, 25.25, 25.00, 24.62, 24.69, 24.75, 
07:53:21.197 -> 67.54, 25.22, 25.00, 24.62, 24.69, 24.75, 
07:53:24.009 -> 67.53, 25.24, 25.00, 24.62, 24.69, 24.75, 
07:53:26.871 -> 67.53, 25.25, 25.00, 24.56, 24.69, 24.75, 
07:53:29.714 -> 67.53, 25.26, 25.00, 24.62, 24.69, 24.75, 
07:53:32.579 -> 67.52, 25.21, 25.00, 24.62, 24.69, 24.75, 
07:53:35.448 -> 67.53, 25.25, 25.00, 24.56, 24.69, 24.75, 
07:53:38.290 -> 67.56, 25.26, 25.00, 24.62, 24.69, 24.75, 
07:53:41.128 -> 67.53, 25.26, 25.00, 24.62, 24.69, 24.75, 
07:53:43.986 -> 67.53, 25.26, 25.00, 24.62, 24.69, 24.75, 
07:53:46.802 -> 67.53, 25.25, 25.00, 24.56, 24.69, 24.75, 
07:53:49.663 -> 67.53, 25.26, 25.00, 24.62, 24.69, 24.75, 
07:53:52.529 -> 67.54, 25.28, 25.00, 24.62, 24.69, 24.75, 
07:53:55.362 -> 67.54, 25.28, 25.00, 24.62, 24.69, 24.69, 
07:53:58.226 -> 67.54, 25.28, 25.00, 24.62, 24.69, 24.75, 
07:54:01.095 -> 67.53, 25.24, 25.00, 24.62, 24.69, 24.75, 
07:54:03.929 -> 67.53, 25.24, 25.00, 24.62, 24.69, 24.75, 
07:54:06.755 -> 67.53, 25.25, 25.00, 24.62, 24.69, 24.75, 
07:54:09.617 -> 67.53, 25.26, 25.00, 24.62, 24.69, 24.75, 
07:54:12.474 -> 67.54, 25.28, 25.00, 24.62, 24.62, 24.75, 
07:54:15.305 -> 67.53, 25.26, 25.00, 24.62, 24.69, 24.75, 
07:54:18.170 -> 67.53, 25.26, 25.00, 24.56, 24.69, 24.75, 
07:54:21.039 -> 67.53, 25.25, 25.00, 24.56, 24.69, 24.75, 
07:54:23.859 -> 67.53, 25.25, 25.00, 24.56, 24.62, 24.75, 
07:54:26.746 -> 67.56, 25.25, 25.00, 24.62, 24.69, 24.69, 
07:54:29.594 -> 67.56, 25.25, 25.00, 24.62, 24.62, 24.75, 
07:54:32.403 -> 67.56, 25.25, 25.00, 24.56, 24.69, 24.75, 
07:54:35.253 -> 67.56, 25.25, 25.00, 24.62, 24.69, 24.75, 
07:54:38.107 -> 67.53, 25.25, 25.00, 24.56, 24.62, 24.75, 
07:54:40.954 -> 67.56, 25.26, 25.00, 24.56, 24.62, 24.75, 
07:54:43.838 -> 67.56, 25.25, 25.00, 24.62, 24.69, 24.75, 
07:54:46.657 -> 67.56, 25.29, 25.00, 24.62, 24.69, 24.75, 
07:54:49.536 -> 67.56, 25.28, 25.00, 24.56, 24.62, 24.75, 
07:54:52.355 -> 67.54, 25.28, 25.00, 24.62, 24.69, 24.75, 
07:54:55.221 -> 67.52, 25.22, 25.00, 24.56, 24.69, 24.75, 
07:54:58.089 -> 67.53, 25.25, 25.00, 24.62, 24.62, 24.75, 
07:55:00.920 -> 67.56, 25.26, 25.00, 24.62, 24.62, 24.75, 
07:55:03.782 -> 67.56, 25.26, 25.00, 24.56, 24.69, 24.75, 
07:55:06.602 -> 67.54, 25.28, 25.00, 24.56, 24.69, 24.75, 
07:55:09.485 -> 67.54, 25.28, 25.00, 24.56, 24.69, 24.69, 
07:55:12.312 -> 67.53, 25.26, 25.00, 24.56, 24.69, 24.75, 
07:55:15.171 -> 67.54, 25.28, 25.00, 24.62, 24.69, 24.75, 
07:55:18.031 -> 67.56, 25.28, 25.00, 24.62, 24.62, 24.75, 
07:55:20.884 -> 67.53, 25.26, 25.00, 24.56, 24.69, 24.75, 
07:55:23.729 -> 67.53, 25.26, 25.00, 24.56, 24.69, 24.75, 
07:55:26.572 -> 67.53, 25.26, 25.00, 24.62, 24.62, 24.75, 
07:55:29.437 -> 67.54, 25.28, 25.00, 24.56, 24.69, 24.75, 
07:55:32.267 -> 67.53, 25.26, 25.00, 24.56, 24.69, 24.75, 
07:55:35.134 -> 67.54, 25.28, 25.00, 24.62, 24.62, 24.75, 
07:55:37.980 -> 67.53, 25.26, 25.00, 24.56, 24.69, 24.75, 
07:55:40.822 -> 67.53, 25.26, 25.00, 24.56, 24.62, 24.69, 
07:55:43.650 -> 67.53, 25.25, 25.00, 24.56, 24.69, 24.75, 
07:55:46.518 -> 67.53, 25.26, 25.00, 24.56, 24.62, 24.75, 
07:55:49.373 -> 67.53, 25.25, 25.00, 24.62, 24.69, 24.69, 
07:55:52.233 -> 67.54, 25.28, 25.00, 24.62, 24.62, 24.75, 
07:55:55.052 -> 67.53, 25.26, 25.00, 24.62, 24.62, 24.75, 
07:55:57.902 -> 67.54, 25.28, 25.00, 24.56, 24.69, 24.75, 
07:56:00.749 -> 67.56, 25.24, 25.00, 24.56, 24.69, 24.75, 
07:56:03.607 -> 67.56, 25.25, 25.00, 24.62, 24.69, 24.75, 
07:56:06.456 -> 67.56, 25.24, 25.00, 24.62, 24.62, 24.75, 
07:56:09.333 -> 67.56, 25.25, 25.00, 24.56, 24.69, 24.75, 
07:56:12.176 -> 67.56, 25.25, 25.00, 24.56, 24.62, 24.75, 
07:56:15.040 -> 67.56, 25.25, 25.00, 24.56, 24.62, 24.75, 
07:56:17.884 -> 67.56, 25.25, 25.00, 24.56, 24.69, 24.75, 
07:56:20.749 -> 67.53, 25.24, 25.00, 24.62, 24.62, 24.75, 
07:56:23.575 -> 67.53, 25.24, 25.00, 24.56, 24.69, 24.75, 
07:56:26.413 -> 67.53, 25.24, 25.00, 24.56, 24.62, 24.75, 
07:56:29.250 -> 67.53, 25.24, 25.00, 24.56, 24.62, 24.75, 
07:56:32.108 -> 67.56, 25.24, 25.00, 24.56, 24.62, 24.75, 
07:56:34.981 -> 67.56, 25.24, 25.00, 24.56, 24.69, 24.75, 
07:56:37.840 -> 67.53, 25.24, 25.00, 24.56, 24.69, 24.75, 
07:56:40.682 -> 67.53, 25.24, 25.00, 24.56, 24.62, 24.75, 
07:56:43.509 -> 67.53, 25.24, 25.00, 24.56, 24.69, 24.75, 
07:56:46.387 -> 67.53, 25.25, 25.00, 24.62, 24.69, 24.75, 
07:56:49.215 -> 67.53, 25.26, 25.00, 24.56, 24.69, 24.75, 
07:56:52.082 -> 67.56, 25.25, 25.00, 24.56, 24.62, 24.75, 
07:56:54.921 -> 67.56, 25.25, 25.00, 24.56, 24.69, 24.69, 
07:56:57.783 -> 67.56, 25.26, 25.00, 24.56, 24.62, 24.69, 
07:57:00.625 -> 67.53, 25.25, 25.00, 24.56, 24.62, 24.75, 
07:57:03.480 -> 67.56, 25.26, 25.00, 24.56, 24.69, 24.69, 
07:57:06.306 -> 67.53, 25.26, 25.00, 24.62, 24.69, 24.75, 
07:57:09.147 -> 67.53, 25.26, 25.00, 24.56, 24.62, 24.69, 
07:57:12.019 -> 67.53, 25.26, 25.00, 24.56, 24.62, 24.69, 
07:57:14.884 -> 67.53, 25.25, 25.00, 24.56, 24.69, 24.69, 
07:57:17.708 -> 67.54, 25.28, 25.00, 24.56, 24.62, 24.75, 
07:57:20.572 -> 67.53, 25.26, 25.00, 24.62, 24.62, 24.69, 
07:57:23.410 -> 67.53, 25.26, 25.00, 24.62, 24.69, 24.75, 
07:57:26.265 -> 67.53, 25.26, 25.00, 24.62, 24.62, 24.75, 
07:57:29.119 -> 67.53, 25.26, 25.00, 24.56, 24.62, 24.75, 
07:57:31.957 -> 67.54, 25.28, 25.00, 24.56, 24.62, 24.75, 
07:57:34.819 -> 67.53, 25.26, 25.00, 24.56, 24.62, 24.69, 
07:57:37.675 -> 67.53, 25.26, 25.00, 24.62, 24.62, 24.75, 
07:57:40.530 -> 67.53, 25.26, 25.00, 24.56, 24.69, 24.75, 
07:57:43.372 -> 67.53, 25.26, 25.00, 24.56, 24.62, 24.69, 
07:57:46.221 -> 67.53, 25.26, 25.00, 24.56, 24.62, 24.75, 
07:57:49.086 -> 67.53, 25.26, 25.00, 24.56, 24.62, 24.69, 
07:57:51.909 -> 67.54, 25.28, 25.00, 24.56, 24.62, 24.75, 
07:57:54.746 -> 67.53, 25.26, 25.00, 24.56, 24.69, 24.69, 
07:57:57.598 -> 67.54, 25.28, 25.00, 24.56, 24.69, 24.75, 
07:58:00.468 -> 67.56, 25.25, 25.00, 24.56, 24.62, 24.69, 
07:58:03.329 -> 67.56, 25.26, 25.00, 24.56, 24.62, 24.75, 
07:58:06.163 -> 67.56, 25.24, 25.00, 24.56, 24.62, 24.69, 
07:58:09.025 -> 67.53, 25.25, 25.00, 24.56, 24.62, 24.69, 
07:58:11.879 -> 67.56, 25.25, 25.00, 24.56, 24.62, 24.75, 
07:58:14.695 -> 67.56, 25.24, 25.00, 24.56, 24.62, 24.69, 
07:58:17.567 -> 67.53, 25.25, 25.00, 24.56, 24.62, 24.75, 
07:58:20.391 -> 67.56, 25.25, 25.00, 24.62, 24.62, 24.69, 
07:58:23.263 -> 67.56, 25.26, 25.00, 24.56, 24.62, 24.69, 
07:58:26.137 -> 67.56, 25.32, 25.00, 24.56, 24.62, 24.69, 
07:58:28.988 -> 67.53, 25.35, 25.00, 24.56, 24.69, 24.69, 
07:58:31.827 -> 67.56, 25.35, 25.00, 24.62, 24.69, 24.69, 
07:58:34.655 -> 67.56, 25.36, 25.00, 24.56, 24.62, 24.69, 
07:58:37.533 -> 67.56, 25.10, 25.00, 24.56, 24.62, 24.69, 
07:58:40.349 -> 67.56, 25.11, 25.00, 24.56, 24.62, 24.69, 
07:58:43.205 -> 67.56, 25.12, 25.00, 24.56, 24.62, 24.69, 
07:58:46.066 -> 67.56, 25.11, 25.00, 24.56, 24.62, 24.69, 
07:58:48.928 -> 67.56, 25.11, 25.00, 24.56, 24.62, 24.69, 
07:58:51.786 -> 67.56, 25.12, 25.00, 24.56, 24.62, 24.75, 
07:58:53.751 -> 67.56, 25.11, 25.00, 24.56, 24.62, 24.75, 
07:58:56.629 -> 67.56, 25.12, 25.00, 24.62, 24.62, 24.69, 
07:58:59.456 -> 67.56, 25.11, 25.00, 24.56, 24.62, 24.69, 
07:59:02.328 -> 67.56, 25.12, 25.00, 24.56, 24.62, 24.75, 
07:59:05.157 -> 67.56, 25.12, 25.00, 24.56, 24.62, 24.69, 
07:59:08.007 -> 67.56, 25.12, 25.00, 24.56, 24.62, 24.69, 
07:59:10.878 -> 67.56, 25.11, 25.00, 24.56, 24.62, 24.75, 
07:59:13.728 -> 67.56, 25.12, 25.00, 24.56, 24.62, 24.69, 
07:59:16.590 -> 67.56, 25.11, 25.00, 24.56, 24.62, 24.69, 
07:59:19.416 -> 67.56, 25.12, 25.00, 24.56, 24.62, 24.75, 
07:59:22.289 -> 67.56, 25.11, 25.00, 24.62, 24.62, 24.69, 
07:59:25.106 -> 67.56, 25.12, 25.00, 24.56, 24.62, 24.69, 
07:59:27.957 -> 67.56, 25.12, 25.00, 24.56, 24.62, 24.75, 
07:59:30.832 -> 67.56, 25.12, 25.00, 24.56, 24.62, 24.69, 
07:59:33.657 -> 67.56, 25.12, 25.00, 24.56, 24.62, 24.75, 
07:59:36.519 -> 67.56, 25.12, 25.00, 24.56, 24.62, 24.69, 
07:59:39.372 -> 67.56, 25.12, 25.00, 24.56, 24.62, 24.69, 
07:59:42.196 -> 67.56, 25.11, 25.00, 24.56, 24.62, 24.69, 
07:59:45.060 -> 67.56, 25.12, 25.00, 24.56, 24.62, 24.69, 
07:59:47.916 -> 67.56, 25.12, 25.00, 24.62, 24.62, 24.69, 
07:59:50.777 -> 67.56, 25.12, 25.00, 24.62, 24.62, 24.69, 
07:59:53.622 -> 67.56, 25.12, 25.00, 24.56, 24.62, 24.69, 
07:59:56.484 -> 67.56, 25.12, 25.00, 24.56, 24.62, 24.75, 
07:59:59.297 -> 67.56, 25.12, 25.00, 24.56, 24.62, 24.69, 
08:00:02.148 -> 67.56, 25.12, 25.00, 24.56, 24.62, 24.69, 
08:00:04.995 -> 67.56, 25.12, 25.00, 24.56, 24.62, 24.75, 
08:00:07.849 -> 67.56, 25.12, 25.00, 24.56, 24.62, 24.69, 
08:00:10.720 -> 67.56, 25.12, 25.00, 24.56, 24.62, 24.69, 
08:00:13.577 -> 67.56, 25.12, 25.00, 24.56, 24.62, 24.69, 
08:00:16.395 -> 67.56, 25.11, 25.00, 24.56, 24.62, 24.69, 
08:00:19.257 -> 67.56, 25.14, 24.50, 24.56, 24.62, 24.69, 
08:00:22.118 -> 67.56, 25.12, 25.00, 24.56, 24.62, 24.69, 
08:00:24.952 -> 67.56, 25.12, 25.00, 24.56, 24.62, 24.69, 
08:00:27.801 -> 67.56, 25.12, 25.00, 24.56, 24.62, 24.69, 
08:00:30.683 -> 67.56, 25.12, 25.00, 24.56, 24.62, 24.69, 
08:00:33.503 -> 67.56, 25.12, 25.00, 24.56, 24.62, 24.69, 
08:00:36.359 -> 67.56, 25.14, 25.00, 24.62, 24.62, 24.69, 
08:00:39.233 -> 67.56, 25.14, 25.00, 24.56, 24.62, 24.69, 
08:00:42.063 -> 67.58, 25.12, 25.00, 24.62, 24.62, 24.69, 
08:00:44.414 -> 67.56, 25.14, 25.00, 24.56, 24.62, 24.69, 
08:00:47.261 -> 67.56, 25.14, 25.00, 24.56, 24.62, 24.69, 
08:00:50.129 -> 67.56, 25.15, 25.00, 24.56, 24.62, 24.69, 
08:00:52.976 -> 67.61, 25.18, 25.00, 24.62, 24.62, 24.69, 
08:00:55.801 -> 67.66, 25.17, 25.00, 24.62, 24.62, 24.69, 
08:00:58.655 -> 67.66, 25.18, 25.00, 24.69, 24.62, 24.75, 
08:01:01.520 -> 67.66, 25.17, 25.00, 24.75, 24.62, 24.69, 
08:01:04.359 -> 67.64, 25.22, 25.00, 24.81, 24.62, 24.75, 
08:01:07.225 -> 67.62, 25.15, 25.00, 24.81, 24.62, 24.69, 
08:01:10.053 -> 67.61, 25.19, 25.00, 24.87, 24.62, 24.75, 
08:01:12.900 -> 67.60, 25.14, 25.00, 24.87, 24.62, 24.69, 
08:01:15.765 -> 67.59, 25.18, 25.00, 24.94, 24.62, 24.69, 
08:01:18.627 -> 67.58, 25.14, 25.00, 24.94, 24.62, 24.69, 
08:01:21.458 -> 67.56, 25.17, 25.00, 25.00, 24.62, 24.69, 
08:01:24.329 -> 67.56, 25.34, 25.00, 25.00, 24.62, 24.69, 
08:01:27.175 -> 67.58, 25.35, 25.00, 25.00, 24.62, 24.69, 
08:01:30.039 -> 67.58, 25.24, 25.00, 25.06, 24.62, 24.69, 
08:01:32.877 -> 67.56, 25.29, 25.00, 25.00, 24.62, 24.69, 
08:01:35.740 -> 67.56, 25.21, 25.00, 25.06, 24.62, 24.69, 
08:01:38.557 -> 67.56, 25.34, 25.00, 25.06, 24.62, 24.75, 
08:01:41.419 -> 67.56, 25.29, 25.00, 25.06, 24.62, 24.75, 
08:01:44.277 -> 67.56, 25.24, 25.00, 25.06, 24.62, 24.69, 
08:01:47.140 -> 67.56, 25.25, 25.00, 25.06, 24.62, 24.69, 
08:01:49.973 -> 67.56, 25.19, 25.00, 25.06, 24.62, 24.69, 
08:01:52.821 -> 67.56, 25.38, 25.00, 25.06, 24.62, 24.69, 
08:01:55.647 -> 67.59, 25.41, 25.00, 25.06, 24.62, 24.69, 
08:01:58.503 -> 67.62, 25.45, 25.00, 25.06, 24.62, 24.69, 
08:02:01.387 -> 67.62, 25.48, 25.00, 25.06, 24.62, 24.69, 
08:02:04.210 -> 67.62, 25.48, 25.00, 25.06, 24.62, 24.69, 
08:02:07.043 -> 67.61, 25.52, 25.00, 25.06, 24.62, 24.69, 
08:02:09.911 -> 67.61, 25.49, 25.00, 25.06, 24.62, 24.69, 
08:02:12.765 -> 67.61, 25.52, 25.00, 25.06, 24.62, 24.75, 
08:02:15.628 -> 67.59, 25.52, 25.00, 25.06, 24.62, 24.69, 
08:02:18.461 -> 67.59, 25.52, 25.00, 25.06, 24.62, 24.69, 
08:02:21.335 -> 67.58, 25.53, 25.00, 25.06, 24.62, 24.69, 
08:02:24.157 -> 67.58, 25.53, 25.00, 25.06, 24.62, 24.69, 
08:02:27.027 -> 67.59, 25.50, 25.00, 25.06, 24.62, 24.69, 
08:02:29.849 -> 67.56, 25.48, 25.00, 25.06, 24.62, 24.75, 
08:02:32.701 -> 67.56, 25.38, 25.00, 25.00, 24.62, 24.75, 
08:02:35.567 -> 67.58, 25.35, 25.00, 25.06, 24.69, 24.81, 
08:02:38.417 -> 67.58, 25.35, 25.00, 25.00, 24.69, 24.87, 
08:02:41.276 -> 67.59, 25.38, 25.00, 25.00, 24.69, 24.94, 
08:02:44.104 -> 67.58, 25.34, 25.00, 25.00, 24.75, 25.00, 
08:02:46.979 -> 67.59, 25.41, 25.00, 25.00, 24.81, 25.06, 
08:02:49.796 -> 67.64, 25.38, 25.00, 25.00, 24.81, 25.19, 
08:02:52.685 -> 67.64, 25.42, 25.00, 25.00, 24.81, 25.31, 
08:02:55.506 -> 67.64, 25.39, 25.00, 25.00, 24.87, 25.44, 
08:02:58.376 -> 67.67, 25.43, 25.00, 25.00, 24.94, 25.56, 
08:03:01.233 -> 67.67, 25.41, 25.00, 25.00, 24.94, 25.75, 
08:03:04.055 -> 67.70, 25.48, 25.00, 25.00, 25.00, 25.87, 
08:03:06.907 -> 67.72, 25.46, 25.00, 25.06, 25.06, 26.12, 
08:03:09.747 -> 67.73, 25.49, 25.00, 25.00, 25.12, 26.31, 
08:03:12.597 -> 67.78, 25.52, 25.00, 25.06, 25.19, 26.56, 
08:03:15.451 -> 67.80, 25.55, 25.00, 25.06, 25.31, 26.81, 
08:03:18.310 -> 67.85, 25.57, 25.00, 25.06, 25.37, 27.06, 
08:03:21.170 -> 67.87, 25.60, 25.00, 25.06, 25.50, 27.37, 
08:03:23.994 -> 67.91, 25.63, 25.00, 25.12, 25.62, 27.62, 
08:03:26.840 -> 68.00, 25.69, 25.00, 25.12, 25.81, 28.00, 
08:03:29.684 -> 68.05, 25.75, 25.00, 25.12, 25.94, 28.31, 
08:03:32.577 -> 68.06, 25.79, 25.00, 25.19, 26.12, 28.62, 
08:03:35.402 -> 68.14, 25.86, 25.00, 25.25, 26.31, 28.94, 
08:08:54.974 -> 68.20, 25.92, 25.00, 25.25, 26.50, 29.31, 
08:08:54.974 -> 68.26, 25.99, 25.00, 25.31, 26.69, 29.62, 
08:08:54.974 -> 68.31, 26.06, 25.00, 25.37, 26.94, 30.00, 
08:08:54.974 -> 68.37, 26.13, 25.00, 25.44, 27.12, 30.37, 
08:08:54.974 -> 68.42, 26.20, 25.00, 25.44, 27.37, 30.69, 
08:08:54.974 -> 68.48, 26.26, 25.00, 25.56, 27.56, 31.00, 
08:08:54.974 -> 68.56, 26.37, 25.00, 25.62, 27.81, 31.37, 
08:08:54.974 -> 68.59, 26.45, 25.00, 25.69, 28.06, 31.69, 
08:08:54.974 -> 68.66, 26.56, 25.00, 25.81, 28.31, 32.00, 
08:08:54.974 -> 68.75, 26.77, 25.00, 25.87, 28.56, 32.31, 
08:08:54.974 -> 68.81, 26.87, 25.00, 25.94, 28.81, 32.56, 
08:08:54.974 -> 68.86, 26.93, 25.00, 26.06, 29.00, 32.81, 
08:08:54.974 -> 68.91, 27.05, 25.00, 26.19, 29.31, 33.06, 
08:08:54.974 -> 68.95, 27.12, 25.00, 26.25, 29.50, 33.25, 
08:08:54.974 -> 68.97, 27.23, 25.00, 26.37, 29.75, 33.44, 
08:08:54.974 -> 69.06, 27.32, 25.00, 26.44, 30.00, 33.63, 
08:08:54.974 -> 69.13, 27.42, 25.00, 26.56, 30.25, 33.75, 
08:08:54.974 -> 69.21, 27.51, 25.00, 26.69, 30.50, 33.94, 
08:08:54.974 -> 69.27, 27.61, 25.00, 26.75, 30.69, 34.00, 
08:08:54.974 -> 69.33, 27.75, 25.00, 26.87, 30.94, 34.13, 
08:08:54.974 -> 69.42, 27.70, 25.00, 27.00, 31.12, 34.25, 
08:08:54.974 -> 69.47, 27.82, 25.00, 27.12, 31.31, 34.31, 
08:08:54.974 -> 69.53, 27.92, 25.00, 27.19, 31.56, 34.38, 
08:08:54.974 -> 69.62, 28.05, 25.00, 27.31, 31.75, 34.44, 
08:08:54.974 -> 69.69, 28.17, 25.00, 27.44, 31.94, 34.50, 
08:08:54.974 -> 69.74, 28.30, 25.00, 27.56, 32.06, 34.56, 
08:08:54.974 -> 69.79, 28.47, 25.00, 27.69, 32.25, 34.63, 
08:08:54.974 -> 69.83, 28.57, 25.00, 27.81, 32.38, 34.69, 
08:08:54.974 -> 69.87, 28.73, 25.00, 28.00, 32.50, 34.75, 
08:08:54.974 -> 69.91, 28.83, 25.00, 28.12, 32.63, 34.81, 
08:08:54.974 -> 69.89, 29.02, 25.00, 28.25, 32.75, 34.94, 
08:08:54.974 -> 69.97, 29.11, 25.00, 28.37, 32.88, 35.00, 
08:08:54.974 -> 69.98, 29.36, 25.00, 28.56, 33.00, 35.13, 
08:08:54.974 -> 69.98, 29.47, 25.00, 28.69, 33.06, 35.19, 
08:08:54.974 -> 69.98, 29.63, 25.00, 28.81, 33.25, 35.25, 
08:08:54.974 -> 69.99, 29.77, 25.00, 28.94, 33.31, 35.31, 
08:08:54.974 -> 69.99, 29.89, 25.00, 29.06, 33.44, 35.38, 
08:08:54.974 -> 69.98, 30.04, 25.00, 29.19, 33.50, 35.50, 
08:08:54.974 -> 69.96, 30.06, 25.00, 29.31, 33.63, 35.63, 
08:08:54.974 -> 69.94, 30.13, 25.00, 29.44, 33.75, 35.75, 
08:08:54.974 -> 69.89, 30.22, 25.00, 29.56, 33.88, 35.88, 
08:08:54.974 -> 69.87, 30.24, 25.00, 29.69, 33.94, 36.00, 
08:08:54.974 -> 69.85, 30.36, 25.00, 29.81, 34.06, 36.19, 
08:08:54.974 -> 69.82, 30.36, 25.00, 29.94, 34.19, 36.38, 
08:08:54.974 -> 69.82, 30.42, 25.00, 30.06, 34.25, 36.50, 
08:08:54.974 -> 69.81, 30.49, 25.00, 30.19, 34.38, 36.69, 
08:08:54.974 -> 69.81, 30.50, 25.00, 30.31, 34.50, 36.88, 
08:08:54.974 -> 69.83, 30.60, 25.00, 30.44, 34.63, 37.00, 
08:08:54.974 -> 69.83, 30.69, 25.00, 30.56, 34.75, 37.19, 
08:08:54.974 -> 69.91, 31.01, 25.00, 30.69, 34.88, 37.38, 
08:08:54.974 -> 69.91, 31.18, 25.00, 30.75, 35.00, 37.50, 
08:08:54.974 -> 69.92, 31.34, 25.00, 30.87, 35.13, 37.63, 
08:08:54.974 -> 69.93, 31.48, 25.00, 31.00, 35.25, 37.75, 
08:08:54.974 -> 69.96, 31.50, 25.00, 31.12, 35.38, 37.88, 
08:08:54.974 -> 69.96, 31.65, 25.00, 31.25, 35.50, 38.00, 
08:08:54.974 -> 69.97, 31.73, 25.00, 31.31, 35.56, 38.13, 
08:08:54.974 -> 69.94, 31.85, 25.00, 31.37, 35.69, 38.19, 
08:08:54.974 -> 69.94, 31.97, 25.00, 31.50, 35.75, 38.25, 
08:08:54.974 -> 69.91, 32.06, 25.00, 31.56, 35.75, 38.31, 
08:08:54.974 -> 69.89, 32.18, 25.00, 31.56, 35.81, 38.38, 
08:08:54.974 -> 69.87, 32.22, 25.00, 31.62, 35.88, 38.38, 
08:08:54.974 -> 69.82, 32.34, 25.00, 31.69, 35.88, 38.38, 
08:08:54.974 -> 69.80, 32.41, 25.00, 31.75, 35.94, 38.38, 
08:08:54.974 -> 69.79, 32.46, 25.00, 31.75, 35.94, 38.38, 
08:08:54.974 -> 69.77, 32.58, 25.00, 31.75, 36.00, 38.31, 
08:08:54.974 -> 69.75, 32.62, 25.00, 31.81, 36.00, 38.31, 
08:08:54.974 -> 69.73, 32.73, 25.00, 31.81, 36.00, 38.25, 
08:08:54.974 -> 69.72, 32.77, 25.00, 31.81, 36.00, 38.25, 
08:08:54.974 -> 69.68, 32.82, 25.00, 31.87, 36.00, 38.19, 
08:08:54.974 -> 69.63, 32.88, 25.00, 31.87, 36.00, 38.19, 
08:08:54.974 -> 69.60, 32.92, 25.00, 31.81, 35.94, 38.13, 
08:08:54.974 -> 69.52, 32.94, 25.50, 31.81, 35.88, 38.06, 
08:08:54.974 -> 69.50, 33.01, 25.50, 31.75, 35.81, 38.00, 
08:08:54.974 -> 69.49, 33.03, 25.50, 31.62, 35.75, 37.94, 
08:08:54.974 -> 69.49, 33.03, 25.50, 31.56, 35.69, 37.88, 
08:08:54.974 -> 69.46, 33.09, 25.50, 31.50, 35.63, 37.81, 
08:08:54.974 -> 69.42, 33.08, 25.50, 31.44, 35.56, 37.75, 
08:08:54.974 -> 69.41, 33.10, 25.50, 31.31, 35.50, 37.63, 
08:08:54.974 -> 69.38, 33.12, 25.50, 31.25, 35.44, 37.56, 
08:08:54.974 -> 69.39, 33.15, 25.50, 31.12, 35.38, 37.50, 
08:08:54.974 -> 69.38, 33.20, 25.50, 31.00, 35.31, 37.44, 
08:08:54.974 -> 69.36, 33.17, 25.50, 30.94, 35.25, 37.38, 
08:08:54.974 -> 69.37, 33.24, 25.50, 30.81, 35.19, 37.38, 
08:08:54.974 -> 69.32, 33.22, 25.50, 30.75, 35.13, 37.31, 
08:08:54.974 -> 69.32, 33.26, 25.50, 30.62, 35.06, 37.25, 
08:08:54.974 -> 69.30, 33.26, 25.50, 30.50, 35.00, 37.25, 
08:08:54.974 -> 69.30, 33.27, 25.50, 30.37, 34.94, 37.19, 
08:08:54.974 -> 69.28, 33.31, 25.50, 30.31, 34.88, 37.13, 
08:08:54.974 -> 69.28, 33.29, 25.50, 30.19, 34.75, 37.06, 
08:08:54.974 -> 69.26, 33.34, 25.50, 30.12, 34.75, 37.06, 
08:08:54.974 -> 69.24, 33.30, 25.50, 30.00, 34.69, 37.00, 
08:08:54.974 -> 69.24, 33.37, 25.50, 29.94, 34.63, 36.94, 
08:08:54.974 -> 69.22, 33.26, 25.50, 29.81, 34.56, 36.94, 
08:08:54.974 -> 69.21, 33.26, 25.50, 29.75, 34.50, 36.88, 
08:08:54.974 -> 69.21, 33.26, 25.50, 29.69, 34.50, 36.81, 
08:08:54.974 -> 69.21, 33.26, 25.50, 29.62, 34.44, 36.81, 
08:08:54.974 -> 69.21, 33.29, 25.50, 29.56, 34.31, 36.75, 
08:08:54.974 -> 69.21, 33.26, 25.50, 29.50, 34.31, 36.69, 
08:08:54.974 -> 69.19, 33.30, 25.50, 29.44, 34.25, 36.63, 
08:08:54.974 -> 69.21, 33.27, 25.50, 29.37, 34.25, 36.63, 
08:08:54.974 -> 69.21, 33.29, 25.50, 29.31, 34.19, 36.56, 
08:08:54.974 -> 69.19, 33.30, 25.50, 29.25, 34.13, 36.50, 
08:08:54.974 -> 69.19, 33.29, 25.50, 29.19, 34.06, 36.44, 
08:08:54.974 -> 69.19, 33.30, 25.50, 29.19, 34.00, 36.38, 
08:08:54.974 -> 69.17, 33.29, 25.50, 29.12, 33.94, 36.44, 
08:08:54.974 -> 69.18, 33.33, 25.50, 29.06, 33.88, 36.31, 
08:08:54.974 -> 69.19, 33.30, 25.50, 29.06, 33.88, 36.31, 
08:08:54.974 -> 69.18, 33.31, 25.50, 29.00, 33.81, 36.25, 
08:08:54.974 -> 69.18, 33.31, 25.50, 28.94, 33.75, 36.25, 
08:08:54.974 -> 69.17, 33.30, 25.50, 28.94, 33.75, 36.19, 
08:08:54.974 -> 69.16, 33.31, 25.50, 28.87, 33.69, 36.13, 
08:08:54.974 -> 69.17, 33.30, 25.50, 28.87, 33.69, 36.06, 
08:08:57.120 -> 69.16, 33.33, 25.50, 28.81, 33.63, 36.06, 
08:08:59.992 -> 69.18, 33.31, 25.50, 28.75, 33.56, 36.00, 
08:09:02.836 -> 69.14, 33.30, 25.50, 28.75, 33.50, 35.94, 
08:09:05.680 -> 69.16, 33.33, 25.50, 28.69, 33.50, 35.94, 
08:09:08.521 -> 69.18, 33.31, 25.50, 28.69, 33.44, 35.88, 
08:09:11.372 -> 69.18, 33.34, 25.50, 28.69, 33.44, 35.81, 
08:09:14.226 -> 69.16, 33.31, 25.50, 28.69, 33.38, 35.81, 
08:09:17.048 -> 69.14, 33.30, 25.50, 28.62, 33.31, 35.75, 
08:09:19.909 -> 69.13, 33.31, 25.50, 28.62, 33.31, 35.69, 
08:09:22.774 -> 69.14, 33.30, 25.50, 28.56, 33.25, 35.69, 
08:09:25.602 -> 69.16, 33.33, 25.50, 28.56, 33.25, 35.63, 
08:09:28.439 -> 69.13, 33.33, 25.50, 28.56, 33.19, 35.63, 
08:09:31.283 -> 69.16, 33.33, 25.50, 28.50, 33.13, 35.56, 
08:09:34.152 -> 69.13, 33.33, 25.50, 28.44, 33.13, 35.50, 
08:09:37.008 -> 69.13, 33.31, 25.50, 28.50, 33.06, 35.44, 
08:09:39.842 -> 69.13, 33.31, 25.50, 28.44, 33.06, 35.44, 
08:09:42.685 -> 69.12, 33.29, 25.50, 28.44, 33.00, 35.38, 
08:09:45.553 -> 69.13, 33.31, 25.50, 28.37, 33.00, 35.38, 
08:09:48.368 -> 69.11, 33.27, 25.50, 28.37, 32.94, 35.31, 
08:09:51.230 -> 69.13, 33.31, 25.50, 28.37, 32.88, 35.25, 
08:09:54.063 -> 69.11, 33.30, 25.50, 28.31, 32.88, 35.25, 
08:09:56.931 -> 69.11, 33.31, 25.50, 28.31, 32.88, 35.19, 
08:09:59.791 -> 69.12, 33.29, 25.50, 28.31, 32.81, 35.19, 
08:10:02.622 -> 69.11, 33.33, 25.50, 28.31, 32.75, 35.13, 
08:10:05.467 -> 69.12, 33.29, 25.50, 28.31, 32.75, 35.06, 
08:10:08.342 -> 69.11, 33.31, 25.50, 28.25, 32.69, 35.06, 
08:10:11.163 -> 69.11, 33.27, 25.50, 28.25, 32.69, 35.00, 
08:10:14.020 -> 69.08, 33.27, 25.50, 28.25, 32.69, 34.94, 
08:10:16.886 -> 69.11, 33.26, 25.50, 28.25, 32.63, 34.94, 
08:10:19.731 -> 69.08, 33.26, 25.50, 28.19, 32.63, 34.94, 
08:10:22.549 -> 69.11, 33.27, 25.50, 28.19, 32.63, 34.88, 
08:10:25.405 -> 69.11, 33.26, 25.50, 28.19, 32.50, 34.81, 
08:10:28.236 -> 69.08, 33.26, 25.50, 28.19, 32.50, 34.75, 
08:10:31.111 -> 69.11, 33.24, 25.50, 28.12, 32.50, 34.75, 
08:10:33.965 -> 69.11, 33.26, 25.50, 28.12, 32.44, 34.69, 
08:10:36.782 -> 69.11, 33.23, 25.50, 28.12, 32.44, 34.69, 
08:10:39.669 -> 69.11, 33.24, 25.50, 28.12, 32.38, 34.63, 
08:10:42.485 -> 69.11, 33.23, 25.50, 28.12, 32.38, 34.63, 
08:10:45.330 -> 69.13, 33.23, 25.50, 28.06, 32.38, 34.56, 
08:10:48.196 -> 69.12, 33.20, 25.50, 28.06, 32.31, 34.56, 
08:10:51.056 -> 69.11, 33.22, 25.50, 28.06, 32.25, 34.50, 
08:10:53.891 -> 69.11, 33.22, 25.50, 28.06, 32.25, 34.50, 
08:10:56.746 -> 69.10, 33.20, 25.50, 28.06, 32.25, 34.44, 
08:10:59.596 -> 69.10, 33.20, 25.50, 28.06, 32.19, 34.44, 
08:11:02.426 -> 69.10, 33.19, 25.50, 28.00, 32.13, 34.44, 
08:11:05.274 -> 69.11, 33.23, 25.50, 28.00, 32.13, 34.38, 
08:11:08.135 -> 69.12, 33.17, 25.50, 28.00, 32.06, 34.38, 
08:11:10.987 -> 69.12, 33.20, 25.50, 28.00, 32.06, 34.31, 
08:11:13.798 -> 69.12, 33.17, 25.50, 28.00, 32.00, 34.31, 
08:11:16.648 -> 69.12, 33.20, 25.50, 28.00, 32.00, 34.25, 
08:11:19.520 -> 69.10, 33.17, 25.50, 27.94, 31.94, 34.25, 
08:11:22.384 -> 69.12, 33.20, 25.50, 27.94, 31.94, 34.19, 
08:11:25.189 -> 69.10, 33.16, 25.50, 27.94, 31.94, 34.19, 
08:11:28.077 -> 69.10, 33.19, 25.50, 27.94, 31.87, 34.13, 
08:11:30.895 -> 69.12, 33.16, 25.50, 27.94, 31.87, 34.13, 
08:11:33.753 -> 69.10, 33.19, 25.50, 27.94, 31.81, 34.06, 
08:11:36.617 -> 69.12, 33.16, 25.50, 27.87, 31.81, 34.06, 
08:11:39.463 -> 69.10, 33.17, 25.50, 27.87, 31.75, 34.06, 
08:11:42.283 -> 69.12, 33.16, 25.50, 27.87, 31.75, 34.00, 
08:11:45.134 -> 69.10, 33.17, 25.50, 27.87, 31.75, 34.00, 
08:11:47.985 -> 69.11, 33.15, 25.50, 27.87, 31.69, 33.94, 
08:11:50.840 -> 69.10, 33.17, 25.50, 27.87, 31.62, 33.94, 
08:11:53.707 -> 69.11, 33.13, 25.50, 27.81, 31.62, 33.88, 
08:11:56.539 -> 69.12, 33.17, 25.50, 27.81, 31.62, 33.88, 
08:11:59.406 -> 69.11, 33.13, 25.50, 27.81, 31.56, 33.88, 
08:12:02.225 -> 69.12, 33.16, 25.50, 27.81, 31.50, 33.81, 
08:12:05.081 -> 69.11, 33.12, 25.50, 27.81, 31.50, 33.81, 
08:12:07.932 -> 69.08, 33.15, 25.50, 27.81, 31.50, 33.75, 
08:12:10.766 -> 69.13, 33.12, 25.50, 27.81, 31.44, 33.75, 
08:12:13.607 -> 69.11, 33.15, 25.50, 27.75, 31.44, 33.69, 
08:12:16.478 -> 69.11, 33.12, 25.50, 27.75, 31.37, 33.69, 
08:12:19.344 -> 69.11, 33.13, 25.50, 27.75, 31.37, 33.63, 
08:12:22.177 -> 69.13, 33.10, 25.50, 27.75, 31.37, 33.63, 
08:12:25.041 -> 69.08, 33.13, 25.50, 27.75, 31.31, 33.63, 
08:12:27.882 -> 69.11, 33.09, 25.50, 27.75, 31.31, 33.56, 
08:12:30.716 -> 69.11, 33.15, 25.50, 27.75, 31.31, 33.56, 
08:12:33.551 -> 69.11, 33.10, 25.50, 27.75, 31.25, 33.50, 
08:12:36.398 -> 69.11, 33.10, 25.50, 27.69, 31.25, 33.50, 
08:12:39.235 -> 69.10, 33.08, 25.50, 27.69, 31.25, 33.50, 
08:12:42.097 -> 69.08, 33.10, 25.50, 27.69, 31.19, 33.44, 
08:12:44.928 -> 69.10, 33.08, 25.50, 27.69, 31.19, 33.44, 
08:12:47.783 -> 69.08, 33.09, 25.50, 27.69, 31.19, 33.38, 
08:12:50.650 -> 69.10, 33.06, 26.00, 27.69, 31.12, 33.38, 
08:12:53.482 -> 69.10, 33.08, 26.00, 27.69, 31.12, 33.38, 
08:12:56.337 -> 69.10, 33.06, 25.50, 27.69, 31.12, 33.31, 
08:12:59.184 -> 69.07, 33.06, 25.50, 27.69, 31.06, 33.31, 
08:13:02.059 -> 69.07, 33.06, 25.50, 27.69, 31.06, 33.25, 
08:13:04.898 -> 69.07, 33.05, 25.50, 27.69, 31.06, 33.25, 
08:13:07.719 -> 69.10, 33.06, 25.50, 27.62, 31.00, 33.19, 
08:13:10.562 -> 69.08, 33.02, 25.50, 27.62, 31.00, 33.19, 
08:13:13.407 -> 69.07, 33.05, 25.50, 27.62, 31.00, 33.19, 
08:13:16.295 -> 69.08, 33.02, 25.50, 27.62, 31.00, 33.13, 
08:13:19.130 -> 69.07, 33.05, 25.50, 27.62, 30.94, 33.13, 
08:13:21.995 -> 69.08, 33.02, 26.00, 27.62, 30.94, 33.06, 
08:13:24.812 -> 69.08, 33.03, 25.50, 27.62, 30.94, 33.06, 
08:13:27.646 -> 69.06, 33.02, 25.50, 27.62, 30.94, 33.06, 
08:13:30.525 -> 69.06, 33.02, 25.50, 27.62, 30.87, 33.00, 
08:13:33.360 -> 69.05, 32.99, 26.00, 27.56, 30.87, 33.00, 
08:13:36.198 -> 69.06, 33.03, 25.50, 27.62, 30.87, 33.00, 
08:13:39.056 -> 69.05, 32.99, 25.50, 27.56, 30.81, 32.94, 
08:13:41.915 -> 69.05, 33.01, 25.50, 27.56, 30.81, 32.94, 
08:13:44.772 -> 69.07, 32.98, 26.00, 27.56, 30.75, 32.88, 
08:13:47.602 -> 69.07, 32.99, 26.00, 27.56, 30.75, 32.88, 
08:13:50.441 -> 69.07, 32.96, 25.50, 27.56, 30.75, 32.88, 
08:13:53.300 -> 69.05, 32.99, 25.50, 27.56, 30.69, 32.88, 
08:13:56.166 -> 69.07, 32.98, 25.50, 27.56, 30.69, 32.81, 
08:13:58.981 -> 69.05, 32.98, 26.00, 27.56, 30.69, 32.81, 
08:14:01.842 -> 69.06, 32.94, 26.00, 27.56, 30.69, 32.81, 
08:14:04.691 -> 69.05, 32.96, 26.00, 27.50, 30.62, 32.81, 
08:14:07.564 -> 69.06, 32.95, 26.00, 27.50, 30.62, 32.75, 
08:14:10.367 -> 69.06, 32.95, 25.50, 27.56, 30.56, 32.75, 
08:14:13.240 -> 69.06, 32.94, 26.00, 27.50, 30.62, 32.69, 
08:14:16.061 -> 69.03, 32.95, 26.00, 27.50, 30.56, 32.69, 
08:14:18.942 -> 69.06, 32.94, 26.00, 27.50, 30.56, 32.69, 
08:14:21.793 -> 69.03, 32.94, 26.00, 27.50, 30.56, 32.69, 
08:14:24.603 -> 69.06, 32.92, 26.00, 27.50, 30.56, 32.69, 
08:14:27.460 -> 69.06, 32.92, 26.00, 27.50, 30.50, 32.63, 
08:14:30.312 -> 69.06, 32.92, 26.00, 27.50, 30.50, 32.63, 
08:14:33.187 -> 69.06, 32.91, 26.00, 27.50, 30.50, 32.56, 
08:14:36.004 -> 69.06, 32.92, 26.00, 27.50, 30.50, 32.56, 
08:14:38.869 -> 69.06, 32.89, 26.00, 27.50, 30.50, 32.56, 
08:14:41.731 -> 69.05, 32.85, 26.00, 27.50, 30.44, 32.56, 
08:14:44.576 -> 69.06, 32.78, 26.00, 27.50, 30.44, 32.50, 
08:14:47.384 -> 69.05, 32.82, 26.00, 27.50, 30.44, 32.50, 
08:14:50.234 -> 69.07, 32.80, 26.00, 27.50, 30.37, 32.50, 
08:14:53.107 -> 69.05, 32.81, 26.00, 27.44, 30.44, 32.50, 
08:14:55.939 -> 69.06, 32.78, 26.00, 27.44, 30.37, 32.50, 
08:14:58.805 -> 69.06, 33.13, 25.50, 27.44, 30.37, 32.44, 
08:15:01.629 -> 69.07, 32.80, 26.00, 27.44, 30.31, 32.44, 
08:15:04.472 -> 69.05, 32.81, 26.00, 27.44, 30.31, 32.44, 
08:15:07.332 -> 69.06, 32.77, 26.00, 27.44, 30.31, 32.38, 
08:15:10.177 -> 69.06, 32.78, 26.00, 27.44, 30.31, 32.38, 
08:15:13.021 -> 69.06, 32.77, 26.00, 27.44, 30.25, 32.38, 
08:15:15.905 -> 69.05, 32.75, 26.00, 27.44, 30.25, 32.31, 
08:15:18.725 -> 69.06, 32.78, 26.00, 27.44, 30.25, 32.31, 
08:15:21.590 -> 69.05, 32.74, 26.00, 27.44, 30.25, 32.31, 
08:15:24.407 -> 69.07, 33.08, 26.00, 27.44, 30.19, 32.31, 
08:15:27.273 -> 69.05, 32.73, 26.00, 27.37, 30.19, 32.25, 
08:15:30.123 -> 69.06, 32.95, 26.00, 27.37, 30.19, 32.25, 
08:15:32.991 -> 69.05, 32.70, 26.00, 27.37, 30.19, 32.25, 
08:15:35.807 -> 69.06, 32.77, 26.00, 27.37, 30.12, 32.25, 
08:15:38.671 -> 69.05, 32.74, 26.00, 27.37, 30.12, 32.19, 
08:15:41.524 -> 69.02, 34.06, 26.00, 27.37, 30.12, 32.19, 
08:15:44.384 -> 69.05, 32.96, 26.00, 27.37, 30.06, 32.19, 
08:15:47.201 -> 69.05, 32.70, 26.00, 27.37, 30.06, 32.13, 
08:15:50.039 -> 69.03, 32.78, 26.00, 27.37, 30.06, 32.13, 
08:15:52.912 -> 69.02, 32.73, 26.00, 27.37, 30.06, 32.13, 
08:15:55.751 -> 69.06, 32.91, 26.00, 27.37, 30.06, 32.13, 
08:15:58.616 -> 68.66, 34.07, 26.00, 27.37, 30.00, 32.13, 
08:16:01.435 -> 69.03, 33.30, 26.00, 27.37, 30.00, 32.13, 
08:16:04.277 -> 69.02, 33.20, 26.00, 27.37, 30.00, 32.06, 
08:16:07.154 -> 69.03, 32.95, 26.00, 27.31, 30.00, 32.06, 
08:16:10.018 -> 69.05, 32.88, 26.00, 27.37, 30.00, 32.00, 
08:16:12.836 -> 69.06, 32.84, 26.00, 27.31, 29.94, 32.00, 
08:16:15.666 -> 69.05, 32.85, 26.00, 27.31, 29.94, 32.00, 
08:16:18.524 -> 69.06, 32.84, 26.00, 27.31, 29.94, 32.00, 
08:16:21.400 -> 69.06, 32.84, 26.00, 27.31, 29.94, 32.00, 
08:16:24.242 -> 69.02, 32.82, 26.00, 27.31, 29.87, 31.94, 
08:16:27.060 -> 69.05, 32.81, 26.00, 27.31, 29.87, 31.94, 
08:16:29.949 -> 69.05, 32.82, 26.00, 27.31, 29.87, 31.94, 
08:16:32.762 -> 69.05, 32.80, 26.00, 27.31, 29.87, 31.94, 
08:16:35.614 -> 69.05, 32.81, 26.00, 27.31, 29.81, 31.87, 
08:16:38.475 -> 69.07, 32.81, 26.00, 27.31, 29.81, 31.87, 
08:16:41.294 -> 69.03, 32.78, 26.00, 27.31, 29.81, 31.87, 
08:16:44.145 -> 69.05, 32.81, 26.00, 27.31, 29.81, 31.87, 
08:16:47.032 -> 69.03, 32.78, 26.00, 27.31, 29.75, 31.81, 
08:16:49.871 -> 69.05, 32.81, 26.00, 27.31, 29.75, 31.81, 
08:16:52.701 -> 69.06, 32.77, 26.00, 27.31, 29.75, 31.81, 
08:16:55.566 -> 69.05, 32.80, 26.00, 27.31, 29.75, 31.81, 
08:16:58.411 -> 69.03, 32.77, 26.00, 27.31, 29.69, 31.81, 
08:17:01.272 -> 69.06, 32.77, 26.00, 27.31, 29.69, 31.75, 
08:17:04.125 -> 69.03, 32.78, 26.00, 27.31, 29.69, 31.75, 
08:17:06.941 -> 69.02, 32.75, 26.00, 27.31, 29.69, 31.75, 
08:17:09.792 -> 69.03, 32.78, 26.00, 27.31, 29.69, 31.75, 
08:17:12.641 -> 69.05, 32.74, 26.00, 27.25, 29.69, 31.75, 
08:17:15.507 -> 69.03, 32.77, 26.00, 27.25, 29.62, 31.69, 
08:17:18.359 -> 69.02, 32.73, 26.00, 27.25, 29.62, 31.69, 
08:17:21.174 -> 69.02, 32.75, 26.00, 27.25, 29.62, 31.69, 
08:17:24.042 -> 69.02, 32.74, 26.00, 27.31, 29.62, 31.69, 
08:17:26.864 -> 69.00, 32.70, 26.00, 27.25, 29.62, 31.62, 
08:17:29.745 -> 69.02, 32.74, 26.00, 27.25, 29.56, 31.62, 
08:17:32.600 -> 69.02, 32.70, 26.00, 27.25, 29.56, 31.62, 
08:17:35.404 -> 69.02, 32.73, 26.00, 27.25, 29.56, 31.62, 
08:17:38.262 -> 69.02, 32.70, 26.00, 27.25, 29.56, 31.62, 
08:17:41.122 -> 69.02, 32.73, 26.00, 27.25, 29.56, 31.56, 
08:17:43.989 -> 69.02, 32.69, 26.00, 27.25, 29.56, 31.56, 
08:17:46.838 -> 69.00, 32.73, 26.00, 27.25, 29.50, 31.56, 
08:17:49.673 -> 69.02, 32.69, 26.00, 27.25, 29.50, 31.50, 
08:17:52.494 -> 69.02, 32.70, 26.00, 27.25, 29.50, 31.50, 
08:17:55.350 -> 68.99, 32.67, 26.00, 27.25, 29.50, 31.50, 
08:17:58.193 -> 69.00, 32.69, 26.00, 27.25, 29.50, 31.50, 
08:18:01.046 -> 68.99, 32.66, 26.00, 27.25, 29.44, 31.50, 
08:18:03.916 -> 68.99, 32.66, 26.00, 27.25, 29.44, 31.44, 
08:18:06.759 -> 69.00, 32.69, 26.00, 27.25, 29.44, 31.44, 
08:18:09.587 -> 68.99, 32.65, 26.00, 27.19, 29.44, 31.44, 
08:18:12.446 -> 68.99, 32.67, 26.00, 27.25, 29.44, 31.44, 
08:18:15.273 -> 68.99, 32.65, 26.00, 27.25, 29.44, 31.44, 
08:18:18.157 -> 68.96, 32.66, 26.00, 27.19, 29.37, 31.37, 
08:18:20.987 -> 68.99, 32.65, 26.00, 27.19, 29.37, 31.31, 
08:18:23.850 -> 68.99, 32.65, 26.00, 27.19, 29.37, 31.37, 
08:18:26.670 -> 68.99, 32.65, 26.00, 27.25, 29.37, 31.31, 
08:18:29.543 -> 68.99, 32.63, 26.00, 27.19, 29.37, 31.31, 
08:18:32.362 -> 68.96, 32.65, 26.00, 27.19, 29.37, 31.31, 
08:18:35.219 -> 68.97, 32.60, 26.00, 27.19, 29.37, 31.25, 
08:18:38.094 -> 68.99, 32.65, 26.00, 27.19, 29.31, 31.25, 
08:18:40.944 -> 68.99, 32.63, 26.00, 27.19, 29.37, 31.25, 
08:18:43.760 -> 68.97, 32.60, 26.00, 27.19, 29.31, 31.25, 
08:18:46.620 -> 68.99, 32.63, 26.00, 27.19, 29.31, 31.25, 
08:18:49.475 -> 68.97, 32.59, 26.00, 27.19, 29.31, 31.25, 
08:18:52.298 -> 68.97, 32.62, 26.00, 27.19, 29.31, 31.19, 
08:18:55.175 -> 69.00, 32.60, 26.00, 27.19, 29.31, 31.19, 
08:18:57.994 -> 68.97, 32.62, 26.00, 27.19, 29.31, 31.12, 
08:19:00.852 -> 69.00, 32.60, 26.00, 27.19, 29.25, 31.19, 
08:19:03.733 -> 68.97, 32.62, 26.00, 27.19, 29.25, 31.12, 
08:19:06.559 -> 68.97, 32.59, 26.00, 27.19, 29.25, 31.12, 
08:19:09.423 -> 68.97, 32.58, 26.00, 27.19, 29.25, 31.12, 
08:19:12.252 -> 68.97, 32.60, 26.00, 27.19, 29.25, 31.06, 
08:19:15.095 -> 68.97, 32.59, 26.00, 27.19, 29.25, 31.06, 
08:19:17.956 -> 68.95, 32.59, 26.00, 27.19, 29.19, 31.06, 
08:19:20.793 -> 68.97, 32.56, 26.00, 27.19, 29.25, 31.06, 
08:19:23.661 -> 68.97, 32.62, 26.00, 27.19, 29.19, 31.06, 
08:19:26.477 -> 68.97, 32.56, 26.00, 27.19, 29.19, 31.00, 
08:19:29.318 -> 68.97, 32.59, 26.00, 27.19, 29.19, 31.00, 
08:19:32.184 -> 68.97, 32.58, 26.00, 27.19, 29.19, 31.00, 
08:19:35.036 -> 68.95, 32.58, 26.00, 27.19, 29.19, 31.00, 
08:19:37.898 -> 68.97, 32.58, 26.00, 27.12, 29.19, 31.00, 
08:19:40.719 -> 68.97, 32.56, 26.00, 27.12, 29.12, 31.00, 
08:19:43.598 -> 68.97, 32.59, 26.00, 27.19, 29.19, 30.94, 
08:19:46.428 -> 68.94, 32.55, 26.00, 27.12, 29.19, 30.94, 
08:19:49.271 -> 68.95, 32.58, 26.00, 27.12, 29.12, 30.94, 
08:19:52.139 -> 68.96, 32.55, 26.00, 27.12, 29.12, 30.94, 
08:19:54.989 -> 68.95, 32.56, 26.00, 27.12, 29.12, 30.94, 
08:19:57.841 -> 68.94, 32.55, 26.00, 27.12, 29.12, 30.87, 
08:20:00.663 -> 68.94, 32.53, 26.00, 27.12, 29.06, 30.87, 
08:20:03.534 -> 68.94, 32.55, 26.00, 27.12, 29.06, 30.87, 
08:20:06.361 -> 68.94, 32.52, 26.00, 27.12, 29.06, 30.87, 
08:20:09.202 -> 68.95, 32.56, 26.00, 27.12, 29.06, 30.87, 
08:20:12.068 -> 68.96, 32.52, 26.00, 27.12, 29.06, 30.87, 
08:20:14.916 -> 68.94, 32.55, 26.00, 27.12, 29.06, 30.81, 
08:20:17.775 -> 68.94, 32.52, 26.00, 27.12, 29.06, 30.81, 
08:20:20.595 -> 68.94, 32.52, 26.00, 27.12, 29.06, 30.81, 
08:20:23.449 -> 68.94, 32.55, 26.00, 27.12, 29.06, 30.81, 
08:20:26.274 -> 68.92, 32.51, 26.00, 27.12, 29.06, 30.81, 
08:20:29.160 -> 68.92, 32.55, 26.00, 27.12, 29.06, 30.75, 
08:20:31.978 -> 68.94, 32.51, 26.00, 27.12, 29.00, 30.81, 
08:20:34.853 -> 68.94, 32.52, 26.00, 27.06, 29.00, 30.75, 
08:20:37.678 -> 68.94, 32.52, 26.00, 27.12, 29.00, 30.75, 
08:20:40.520 -> 68.94, 32.52, 26.00, 27.12, 29.00, 30.75, 
08:20:43.388 -> 68.94, 32.53, 26.00, 27.12, 29.00, 30.75, 
08:20:46.252 -> 68.91, 32.49, 26.00, 27.06, 29.00, 30.75, 
08:20:49.070 -> 68.92, 32.53, 26.00, 27.06, 29.00, 30.75, 
08:20:51.904 -> 68.94, 32.51, 26.00, 27.06, 28.94, 30.75, 
08:20:54.782 -> 68.92, 32.51, 26.00, 27.06, 29.00, 30.69, 
08:20:57.605 -> 68.91, 32.49, 26.00, 27.06, 28.94, 30.69, 
08:21:00.454 -> 68.91, 32.49, 26.00, 27.06, 28.94, 30.69, 
08:21:03.315 -> 68.92, 32.51, 26.00, 27.06, 28.94, 30.69, 
08:21:06.151 -> 68.91, 32.49, 26.00, 27.06, 28.94, 30.69, 
08:21:09.017 -> 68.92, 32.52, 26.00, 27.06, 28.94, 30.69, 
08:21:11.864 -> 68.91, 32.49, 26.00, 27.06, 28.94, 30.62, 
08:21:14.724 -> 68.89, 32.52, 26.00, 27.06, 28.94, 30.62, 
08:21:17.579 -> 68.89, 32.51, 26.00, 27.06, 28.87, 30.62, 
08:21:20.433 -> 68.89, 32.51, 26.00, 27.06, 28.87, 30.62, 
08:21:23.246 -> 68.89, 32.49, 26.00, 27.06, 28.87, 30.62, 
08:21:26.120 -> 68.89, 32.51, 26.00, 27.00, 28.87, 30.62, 
08:21:28.954 -> 68.87, 32.52, 26.00, 27.06, 28.87, 30.56, 
08:21:31.809 -> 68.89, 32.49, 26.00, 27.06, 28.87, 30.56, 
08:21:34.633 -> 68.89, 32.53, 26.00, 27.00, 28.87, 30.56, 
08:21:37.495 -> 68.89, 32.51, 26.00, 27.06, 28.87, 30.56, 
08:21:40.346 -> 68.87, 32.53, 26.00, 27.06, 28.81, 30.56, 
08:21:43.222 -> 68.89, 32.52, 26.00, 27.06, 28.81, 30.56, 
08:21:46.048 -> 68.87, 32.53, 26.00, 27.00, 28.81, 30.50, 
08:21:48.913 -> 68.87, 32.52, 26.00, 27.00, 28.81, 30.50, 
08:21:51.729 -> 68.87, 32.55, 26.00, 27.00, 28.81, 30.50, 
08:21:54.578 -> 68.84, 32.55, 26.00, 27.00, 28.81, 30.50, 
08:21:57.444 -> 68.87, 32.53, 26.00, 27.00, 28.81, 30.50, 
08:22:00.296 -> 68.84, 32.55, 26.00, 27.00, 28.75, 30.50, 
08:22:03.126 -> 68.83, 32.56, 26.00, 27.00, 28.75, 30.44, 
08:22:05.991 -> 68.84, 32.55, 26.00, 27.00, 28.81, 30.50, 
08:22:08.827 -> 68.84, 32.52, 26.00, 27.00, 28.75, 30.44, 
08:22:11.702 -> 68.84, 32.53, 26.00, 27.00, 28.75, 30.44, 
08:22:14.560 -> 68.82, 32.52, 26.00, 27.00, 28.75, 30.44, 
08:22:17.385 -> 68.84, 32.51, 26.00, 27.00, 28.75, 30.37, 
08:22:20.260 -> 68.84, 32.49, 26.00, 27.00, 28.75, 30.37, 
08:22:23.072 -> 68.83, 32.44, 26.00, 27.00, 28.75, 30.37, 
08:22:25.955 -> 68.83, 32.46, 26.00, 27.00, 28.75, 30.37, 
08:22:28.770 -> 68.81, 32.42, 26.00, 27.00, 28.75, 30.37, 
08:22:31.634 -> 68.83, 32.45, 26.00, 27.00, 28.75, 30.37, 
08:22:34.500 -> 68.81, 32.41, 26.00, 27.00, 28.69, 30.37, 
08:22:37.336 -> 68.78, 32.42, 26.00, 27.00, 28.69, 30.31, 
08:22:40.163 -> 68.81, 32.39, 26.00, 27.00, 28.69, 30.37, 
08:22:43.021 -> 68.81, 32.44, 26.00, 27.00, 28.69, 30.31, 
08:22:45.873 -> 68.81, 32.38, 26.00, 27.00, 28.69, 30.31, 
08:22:48.728 -> 68.78, 32.42, 26.00, 26.94, 28.69, 30.31, 
08:22:51.589 -> 68.78, 32.38, 26.00, 27.00, 28.62, 30.31, 
08:22:54.432 -> 68.78, 32.39, 26.00, 27.00, 28.62, 30.31, 
08:22:57.258 -> 68.78, 32.38, 26.00, 26.94, 28.62, 30.31, 
08:23:00.108 -> 68.78, 32.39, 26.00, 26.94, 28.62, 30.25, 
08:23:02.963 -> 68.76, 32.38, 26.00, 26.94, 28.62, 30.25, 
08:23:05.831 -> 68.76, 32.39, 26.00, 26.94, 28.62, 30.25, 
08:23:08.650 -> 68.76, 32.39, 26.00, 26.94, 28.62, 30.25, 
08:23:11.505 -> 68.76, 32.38, 26.00, 26.94, 28.62, 30.25, 
08:23:14.340 -> 68.76, 32.39, 26.00, 26.94, 28.62, 30.25, 
08:23:17.192 -> 68.74, 32.38, 26.00, 26.94, 28.62, 30.25, 
08:23:20.081 -> 68.74, 32.39, 26.00, 26.94, 28.56, 30.19, 
08:23:22.894 -> 68.74, 32.38, 26.00, 26.94, 28.56, 30.19, 
08:23:25.774 -> 68.72, 32.41, 26.00, 26.94, 28.56, 30.19, 
08:23:28.591 -> 68.74, 32.38, 26.00, 26.94, 28.56, 30.19, 
08:23:31.451 -> 68.72, 32.42, 26.00, 26.94, 28.56, 30.19, 
08:23:34.315 -> 68.72, 32.42, 26.00, 26.94, 28.56, 30.19, 
08:23:37.152 -> 68.74, 32.44, 26.00, 26.94, 28.56, 30.19, 
08:23:39.995 -> 68.72, 32.42, 26.00, 26.94, 28.56, 30.19, 
08:23:42.834 -> 68.70, 32.39, 26.00, 26.94, 28.50, 30.12, 
08:23:45.697 -> 68.67, 32.35, 26.00, 26.94, 28.50, 30.12, 
08:23:48.528 -> 68.67, 32.35, 26.00, 26.94, 28.50, 30.12, 
08:23:51.401 -> 68.66, 32.35, 26.00, 26.94, 28.50, 30.12, 
08:23:54.265 -> 68.67, 32.35, 26.00, 26.94, 28.50, 30.12, 
08:23:57.113 -> 68.66, 32.38, 26.00, 26.94, 28.50, 30.12, 
08:23:59.962 -> 68.66, 32.35, 26.00, 26.94, 28.50, 30.12, 
08:24:02.774 -> 68.66, 32.37, 26.00, 26.94, 28.50, 30.12, 
08:24:05.626 -> 68.63, 32.35, 26.00, 26.94, 28.50, 30.06, 
08:24:08.501 -> 68.66, 32.39, 26.00, 26.94, 28.50, 30.06, 
08:24:11.364 -> 68.63, 32.35, 26.00, 26.94, 28.44, 30.06, 
08:24:14.195 -> 68.63, 32.38, 26.00, 26.87, 28.44, 30.06, 
08:24:17.062 -> 68.63, 32.35, 26.00, 26.94, 28.44, 30.06, 
08:24:19.875 -> 68.63, 32.39, 26.00, 26.94, 28.44, 30.06, 
08:24:22.738 -> 68.63, 32.38, 26.00, 26.94, 28.44, 30.06, 
08:24:25.588 -> 68.63, 32.38, 26.00, 26.94, 28.44, 30.06, 
08:24:28.413 -> 68.58, 32.35, 26.00, 26.94, 28.44, 30.06, 
08:24:31.291 -> 68.61, 32.37, 26.00, 26.94, 28.44, 30.06, 
08:24:34.154 -> 68.58, 32.38, 26.00, 26.94, 28.44, 30.00, 
08:24:36.955 -> 68.61, 32.37, 26.00, 26.87, 28.44, 30.00, 
08:24:39.817 -> 68.58, 32.39, 26.00, 26.87, 28.37, 30.00, 
08:24:42.680 -> 68.59, 32.27, 26.00, 26.87, 28.37, 30.00, 
08:24:45.539 -> 68.57, 32.27, 26.00, 26.87, 28.37, 30.00, 
08:24:48.351 -> 68.57, 32.25, 26.00, 26.87, 28.37, 30.00, 
08:24:51.232 -> 68.55, 32.24, 26.00, 26.87, 28.37, 30.00, 
08:24:54.096 -> 68.57, 32.24, 26.00, 26.87, 28.37, 30.00, 
08:24:56.907 -> 68.53, 32.22, 26.00, 26.87, 28.37, 30.00, 
08:24:59.775 -> 68.56, 32.20, 26.00, 26.87, 28.37, 29.94, 
08:25:02.614 -> 68.53, 32.21, 26.00, 26.87, 28.37, 29.94, 
08:25:05.453 -> 68.51, 32.18, 26.00, 26.87, 28.31, 29.94, 
08:25:08.296 -> 68.51, 32.21, 26.00, 26.87, 28.37, 29.94, 
08:25:11.173 -> 68.51, 32.18, 26.00, 26.87, 28.37, 29.94, 
08:25:14.033 -> 68.51, 32.20, 26.00, 26.87, 28.31, 29.94, 
08:25:16.865 -> 68.51, 32.17, 26.00, 26.87, 28.31, 29.94, 
08:25:19.719 -> 68.48, 32.17, 26.00, 26.87, 28.37, 29.94, 
08:25:22.541 -> 68.48, 32.17, 26.00, 26.87, 28.31, 29.87, 
08:25:25.429 -> 68.46, 32.17, 26.00, 26.87, 28.31, 29.94, 
08:25:28.246 -> 68.48, 32.17, 26.00, 26.87, 28.31, 29.87, 
08:25:31.107 -> 68.47, 32.14, 26.00, 26.87, 28.31, 29.87, 
08:25:33.950 -> 68.48, 32.17, 26.00, 26.87, 28.31, 29.87, 
08:25:36.814 -> 68.45, 32.14, 26.00, 26.87, 28.31, 29.87, 
08:25:39.669 -> 68.45, 32.15, 26.00, 26.87, 28.31, 29.87, 
08:25:42.487 -> 68.45, 32.14, 26.00, 26.87, 28.31, 29.87, 
08:25:45.375 -> 68.45, 32.15, 26.00, 26.87, 28.25, 29.87, 
08:25:48.201 -> 68.42, 32.13, 26.00, 26.87, 28.25, 29.81, 
08:25:51.064 -> 68.40, 32.14, 26.00, 26.87, 28.25, 29.81, 
08:25:53.888 -> 68.42, 32.14, 26.00, 26.81, 28.25, 29.81, 
08:25:56.766 -> 68.40, 32.13, 26.00, 26.81, 28.25, 29.81, 
08:25:59.628 -> 68.40, 32.13, 26.00, 26.81, 28.25, 29.81, 
08:26:02.431 -> 68.40, 32.11, 26.00, 26.87, 28.25, 29.81, 
08:26:05.278 -> 68.38, 32.13, 26.00, 26.81, 28.25, 29.81, 
08:26:08.142 -> 68.37, 32.10, 26.00, 26.81, 28.25, 29.81, 
08:26:11.008 -> 68.38, 32.14, 26.00, 26.81, 28.25, 29.75, 
08:26:13.861 -> 68.38, 32.11, 26.00, 26.81, 28.25, 29.75, 
08:26:16.691 -> 68.36, 32.13, 26.00, 26.87, 28.19, 29.75, 
08:26:19.519 -> 68.34, 32.10, 26.00, 26.81, 28.25, 29.75, 
08:26:22.378 -> 68.33, 32.13, 26.00, 26.81, 28.19, 29.75, 
08:26:25.253 -> 68.34, 32.08, 26.00, 26.81, 28.19, 29.75, 
08:26:28.104 -> 68.31, 32.11, 26.00, 26.81, 28.19, 29.69, 
08:26:30.915 -> 68.32, 32.07, 26.00, 26.81, 28.19, 29.75, 
08:26:33.786 -> 68.28, 32.13, 26.00, 26.81, 28.19, 29.69, 
08:26:36.645 -> 68.31, 32.24, 26.00, 26.81, 28.19, 29.69, 
08:26:39.463 -> 67.80, 33.58, 26.00, 26.81, 28.19, 29.69, 
08:26:42.328 -> 68.25, 32.73, 26.00, 26.81, 28.19, 29.69, 
08:26:45.178 -> 68.26, 32.13, 26.00, 26.81, 28.19, 29.69, 
08:26:48.034 -> 68.30, 32.07, 26.00, 26.81, 28.12, 29.69, 
08:26:50.900 -> 68.25, 32.08, 26.00, 26.81, 28.12, 29.69, 
08:26:53.712 -> 68.27, 32.20, 26.00, 26.81, 28.12, 29.69, 
08:26:56.585 -> 68.26, 32.11, 26.00, 26.81, 28.12, 29.69, 
08:26:59.404 -> 68.26, 32.13, 26.00, 26.75, 28.12, 29.69, 
08:27:02.274 -> 68.22, 32.08, 26.00, 26.81, 28.12, 29.69, 
08:27:05.124 -> 68.25, 32.07, 26.00, 26.81, 28.12, 29.62, 
08:27:07.985 -> 68.20, 32.07, 26.00, 26.81, 28.12, 29.62, 
08:27:10.839 -> 68.22, 32.07, 26.00, 26.75, 28.12, 29.62, 
08:27:13.651 -> 68.20, 32.04, 26.00, 26.75, 28.12, 29.62, 
08:27:16.499 -> 68.20, 32.08, 26.00, 26.81, 28.12, 29.62, 
08:27:19.363 -> 68.20, 32.04, 26.00, 26.75, 28.12, 29.62, 
08:27:22.219 -> 68.17, 32.08, 26.00, 26.81, 28.12, 29.62, 
08:27:25.067 -> 68.17, 32.04, 26.00, 26.81, 28.06, 29.62, 
08:27:27.931 -> 68.17, 32.07, 26.00, 26.81, 28.12, 29.62, 
08:27:30.777 -> 68.17, 32.04, 26.00, 26.75, 28.12, 29.62, 
08:27:33.603 -> 68.12, 32.08, 26.00, 26.81, 28.06, 29.62, 
08:27:36.457 -> 68.17, 32.07, 26.00, 26.81, 28.06, 29.56, 
08:27:39.291 -> 68.12, 32.04, 26.00, 26.75, 28.06, 29.56, 
08:27:42.154 -> 68.12, 32.07, 26.00, 26.75, 28.06, 29.56, 
08:27:44.985 -> 68.08, 32.10, 26.00, 26.75, 28.06, 29.56, 
08:27:47.846 -> 68.11, 32.08, 26.00, 26.75, 28.06, 29.56, 
08:27:50.688 -> 68.07, 32.00, 26.00, 26.75, 28.06, 29.56, 
08:27:53.547 -> 68.08, 32.06, 26.00, 26.75, 28.06, 29.56, 
08:27:56.402 -> 68.07, 32.00, 26.00, 26.75, 28.06, 29.56, 
08:27:59.246 -> 68.06, 31.94, 26.00, 26.75, 28.06, 29.50, 
08:28:02.119 -> 68.03, 31.89, 26.00, 26.75, 28.06, 29.56, 
08:28:04.938 -> 68.03, 31.93, 26.00, 26.75, 28.00, 29.50, 
08:28:07.819 -> 68.00, 31.90, 26.00, 26.75, 28.06, 29.50, 
08:28:10.625 -> 68.01, 31.92, 26.00, 26.75, 28.00, 29.50, 
08:28:13.501 -> 68.00, 31.90, 26.00, 26.75, 28.00, 29.50, 
08:28:16.333 -> 67.96, 31.92, 26.00, 26.75, 28.06, 29.50, 
08:28:19.187 -> 67.92, 31.90, 26.00, 26.75, 28.00, 29.50, 
08:28:22.039 -> 67.96, 31.89, 26.00, 26.75, 28.00, 29.50, 
08:28:24.900 -> 67.92, 31.90, 26.00, 26.75, 28.00, 29.50, 
08:28:27.746 -> 67.94, 31.87, 26.00, 26.75, 28.00, 29.50, 
08:28:30.563 -> 67.91, 31.93, 26.00, 26.75, 28.00, 29.50, 
08:28:33.435 -> 67.89, 31.89, 26.00, 26.75, 28.00, 29.50, 
08:28:36.301 -> 67.87, 31.90, 26.00, 26.75, 28.00, 29.50, 
08:28:39.141 -> 67.86, 31.86, 26.00, 26.75, 28.00, 29.50, 
08:28:41.970 -> 67.85, 31.90, 26.00, 26.75, 28.00, 29.50, 
08:28:44.847 -> 67.86, 31.87, 26.00, 26.75, 28.00, 29.50, 
08:28:47.665 -> 67.82, 31.87, 26.00, 26.75, 28.00, 29.44, 
08:28:50.524 -> 67.80, 31.89, 26.00, 26.75, 28.00, 29.44, 
08:28:53.392 -> 67.80, 31.86, 26.00, 26.75, 28.00, 29.44, 
08:28:56.224 -> 67.76, 31.90, 26.00, 26.69, 28.00, 29.44, 
08:28:59.053 -> 67.77, 31.86, 26.00, 26.75, 28.00, 29.44, 
08:29:01.913 -> 67.75, 31.87, 26.00, 26.69, 28.00, 29.44, 
08:29:04.779 -> 67.72, 31.85, 26.00, 26.75, 27.94, 29.44, 
08:29:07.615 -> 67.69, 31.90, 26.00, 26.75, 28.00, 29.44, 
08:29:10.446 -> 67.69, 31.83, 26.00, 26.75, 27.94, 29.44, 
08:29:13.299 -> 67.66, 31.90, 26.00, 26.69, 27.94, 29.44, 
08:29:16.160 -> 67.67, 31.85, 26.00, 26.69, 27.94, 29.44, 
08:29:19.011 -> 67.65, 31.89, 26.00, 26.69, 28.00, 29.44, 
08:29:21.885 -> 67.64, 31.83, 26.00, 26.75, 27.94, 29.44, 
08:29:24.700 -> 67.62, 31.87, 26.00, 26.69, 27.94, 29.44, 
08:29:27.570 -> 67.61, 31.82, 26.00, 26.75, 27.94, 29.44, 
08:29:30.428 -> 67.58, 31.87, 26.00, 26.75, 27.94, 29.44, 
08:29:33.242 -> 67.56, 31.82, 26.00, 26.69, 27.94, 29.44, 
08:29:36.122 -> 67.58, 31.86, 26.00, 26.75, 27.94, 29.44, 
08:29:38.937 -> 67.54, 31.83, 26.00, 26.75, 27.94, 29.37, 
08:29:41.814 -> 67.53, 31.86, 26.00, 26.75, 27.94, 29.37, 
08:29:44.647 -> 67.52, 31.83, 26.00, 26.75, 27.94, 29.37, 
08:29:47.518 -> 67.51, 31.85, 26.00, 26.75, 27.94, 29.37, 
08:29:50.335 -> 67.47, 31.82, 26.00, 26.69, 27.87, 29.37, 
08:29:53.219 -> 67.47, 31.83, 26.00, 26.69, 27.87, 29.37, 
08:29:56.034 -> 67.45, 31.82, 26.00, 26.69, 27.94, 29.37, 
08:29:58.906 -> 67.45, 31.83, 26.00, 26.75, 27.94, 29.37, 
08:30:01.768 -> 67.42, 31.80, 26.00, 26.69, 27.87, 29.37, 
08:30:04.584 -> 67.40, 31.80, 26.00, 26.69, 27.87, 29.37, 
08:30:07.436 -> 67.40, 31.82, 26.00, 26.69, 27.94, 29.37, 
08:30:10.287 -> 67.37, 31.80, 26.00, 26.69, 27.94, 29.37, 
08:30:13.143 -> 67.35, 31.82, 26.00, 26.69, 27.94, 29.31, 
08:30:15.970 -> 67.35, 31.79, 26.00, 26.69, 27.87, 29.31, 
08:30:18.850 -> 67.32, 31.80, 26.00, 26.69, 27.94, 29.31, 
08:30:21.675 -> 67.30, 31.78, 26.00, 26.69, 27.87, 29.31, 
08:30:24.524 -> 67.31, 31.80, 26.00, 26.69, 27.87, 29.31, 
08:30:27.368 -> 67.31, 31.80, 26.00, 26.69, 27.87, 29.31, 
08:30:30.253 -> 67.28, 31.79, 26.00, 26.69, 27.87, 29.31, 
08:30:33.077 -> 67.27, 31.79, 26.00, 26.69, 27.87, 29.31, 
08:30:35.932 -> 67.23, 31.78, 26.00, 26.69, 27.87, 29.31, 
08:30:38.790 -> 67.23, 31.78, 26.00, 26.69, 27.87, 29.31, 
08:30:41.616 -> 67.23, 31.78, 26.00, 26.69, 27.87, 29.31, 
08:30:44.483 -> 67.21, 31.78, 26.00, 26.69, 27.87, 29.31, 
08:30:47.347 -> 67.18, 31.76, 26.00, 26.69, 27.87, 29.25, 
08:30:50.177 -> 67.20, 31.80, 26.00, 26.69, 27.87, 29.25, 
08:30:53.028 -> 67.16, 31.76, 26.00, 26.69, 27.87, 29.25, 
08:30:55.898 -> 67.14, 31.76, 26.00, 26.69, 27.81, 29.25, 
08:30:58.719 -> 67.11, 31.75, 26.00, 26.69, 27.87, 29.25, 
08:31:01.577 -> 67.11, 31.75, 26.00, 26.69, 27.87, 29.25, 
08:31:04.432 -> 67.10, 31.78, 26.00, 26.62, 27.87, 29.25, 
08:31:07.262 -> 67.09, 31.75, 26.00, 26.69, 27.81, 29.25, 
08:31:10.117 -> 67.07, 31.78, 26.00, 26.69, 27.87, 29.25, 
08:31:12.983 -> 67.06, 31.75, 26.00, 26.62, 27.87, 29.25, 
08:31:15.802 -> 67.04, 31.75, 26.00, 26.69, 27.87, 29.25, 
08:31:18.681 -> 67.01, 31.75, 26.00, 26.69, 27.81, 29.25, 
08:31:21.502 -> 67.01, 31.73, 26.00, 26.69, 27.87, 29.19, 
08:31:24.342 -> 67.00, 31.76, 26.00, 26.69, 27.81, 29.19, 
08:31:27.238 -> 67.00, 31.75, 26.00, 26.69, 27.87, 29.19, 
08:31:30.047 -> 66.97, 31.76, 26.00, 26.69, 27.81, 29.19, 
08:31:32.916 -> 66.95, 31.76, 26.00, 26.69, 27.81, 29.19, 
08:31:35.757 -> 66.81, 31.68, 26.00, 26.69, 27.81, 29.19, 
08:31:38.616 -> 66.68, 31.62, 26.00, 26.75, 27.81, 29.12, 
08:31:41.453 -> 66.60, 31.52, 26.00, 26.75, 27.81, 29.19, 
08:31:44.281 -> 66.51, 31.43, 26.00, 26.81, 27.75, 29.25, 
08:31:47.161 -> 66.49, 31.30, 26.50, 26.81, 27.87, 29.25, 
08:31:50.018 -> 66.49, 31.18, 26.50, 26.75, 28.00, 29.37, 
08:31:52.829 -> 66.51, 31.09, 26.50, 26.75, 28.12, 29.37, 
08:31:55.671 -> 66.57, 30.95, 26.50, 26.75, 28.37, 29.44, 
08:31:58.548 -> 66.53, 30.77, 27.00, 26.75, 28.50, 29.62, 
08:32:01.385 -> 66.55, 30.62, 27.00, 26.75, 28.69, 29.87, 
08:32:04.223 -> 66.54, 30.56, 27.00, 26.75, 28.81, 30.12, 
08:32:07.100 -> 66.56, 30.56, 27.00, 26.75, 28.81, 30.44, 
08:32:09.937 -> 66.55, 30.46, 27.00, 26.75, 28.94, 30.69, 
08:32:12.791 -> 66.56, 30.48, 27.00, 26.75, 29.06, 30.94, 
08:32:15.642 -> 66.55, 30.42, 27.00, 26.75, 29.25, 31.19, 
08:32:18.479 -> 66.51, 30.39, 27.00, 26.75, 29.37, 31.37, 
08:32:21.345 -> 66.45, 30.38, 27.00, 26.75, 29.56, 31.56, 
08:32:24.170 -> 66.38, 30.28, 27.50, 26.75, 29.75, 31.75, 
08:32:27.012 -> 66.31, 30.31, 27.50, 26.75, 29.87, 32.00, 
08:32:29.888 -> 66.20, 30.27, 27.50, 26.75, 30.06, 32.19, 
08:32:32.746 -> 66.06, 30.24, 27.50, 26.75, 30.25, 32.38, 
08:32:35.571 -> 65.93, 30.25, 27.50, 26.81, 30.37, 32.63, 
08:32:38.421 -> 65.79, 30.18, 27.50, 26.81, 30.56, 32.88, 
08:32:41.287 -> 65.60, 30.21, 27.50, 26.81, 30.75, 33.06, 
08:32:44.090 -> 65.40, 30.17, 27.50, 26.81, 30.87, 33.31, 
08:32:46.963 -> 65.18, 30.17, 27.50, 26.81, 31.00, 33.56, 
08:32:49.793 -> 64.91, 30.15, 27.50, 26.81, 31.19, 33.88, 
08:32:52.646 -> 64.65, 30.13, 27.50, 26.81, 31.37, 34.13, 
08:32:55.508 -> 64.38, 30.15, 27.50, 26.81, 31.50, 34.38, 
08:32:58.367 -> 64.11, 30.10, 27.50, 26.87, 31.69, 34.63, 
08:33:01.200 -> 63.85, 30.10, 27.50, 26.87, 31.87, 34.94, 
08:33:04.026 -> 63.60, 30.11, 27.50, 26.87, 32.06, 35.19, 
08:33:06.876 -> 63.33, 30.06, 27.50, 26.87, 32.19, 35.44, 
08:33:09.739 -> 63.11, 30.13, 27.50, 26.87, 32.31, 35.69, 
08:33:12.592 -> 62.94, 30.08, 27.50, 26.87, 32.44, 36.00, 
08:33:15.452 -> 62.80, 30.11, 27.50, 26.87, 32.63, 36.25, 
08:33:18.267 -> 62.75, 30.14, 27.50, 26.87, 32.69, 36.56, 
08:33:21.152 -> 62.61, 30.20, 27.50, 26.87, 32.81, 36.81, 
08:33:23.960 -> 62.49, 30.25, 27.00, 26.87, 33.00, 37.13, 
08:33:26.817 -> 62.37, 30.31, 27.50, 26.87, 33.19, 37.38, 
08:33:29.681 -> 62.20, 30.43, 27.50, 26.87, 33.44, 37.69, 
08:33:32.516 -> 62.05, 30.45, 27.50, 26.87, 33.63, 37.94, 
08:33:35.386 -> 61.87, 30.52, 27.50, 26.94, 33.94, 38.19, 
08:33:38.236 -> 61.68, 30.59, 27.50, 27.00, 34.25, 38.44, 
08:33:41.051 -> 61.46, 30.70, 28.00, 27.00, 34.56, 38.75, 
08:33:43.911 -> 61.19, 30.83, 28.00, 27.12, 34.88, 38.94, 
08:33:46.766 -> 60.98, 30.88, 28.50, 27.25, 35.19, 39.19, 
08:33:49.627 -> 60.71, 30.98, 28.50, 27.37, 35.50, 39.44, 
08:33:52.473 -> 60.48, 31.07, 28.50, 27.50, 35.81, 39.69, 
08:33:55.287 -> 60.29, 31.09, 28.50, 27.62, 36.06, 39.94, 
08:33:58.140 -> 60.13, 31.16, 28.50, 27.81, 36.25, 40.19, 
08:34:01.007 -> 59.94, 31.22, 28.50, 27.94, 36.50, 40.44, 
08:34:03.822 -> 59.83, 31.25, 28.50, 28.12, 36.69, 40.69, 
08:34:06.703 -> 59.67, 31.34, 28.50, 28.25, 36.88, 41.00, 
08:34:09.519 -> 59.58, 31.37, 28.50, 28.37, 37.06, 41.25, 
08:34:12.391 -> 59.46, 31.43, 28.50, 28.50, 37.19, 41.44, 
08:34:15.222 -> 59.35, 31.48, 28.50, 28.62, 37.25, 41.75, 
08:34:18.088 -> 59.29, 31.54, 28.50, 28.75, 37.38, 41.94, 
08:34:20.930 -> 59.19, 31.64, 28.50, 28.81, 37.50, 42.19, 
08:34:23.757 -> 59.11, 31.66, 28.50, 28.94, 37.63, 42.44, 
08:34:26.594 -> 59.05, 31.72, 28.50, 29.00, 37.69, 42.69, 
08:34:29.457 -> 58.99, 31.80, 28.50, 29.06, 37.81, 42.94, 
08:34:32.319 -> 58.94, 31.83, 29.00, 29.12, 37.88, 43.13, 
08:34:35.126 -> 58.85, 31.92, 29.00, 29.19, 38.00, 43.38, 
08:34:37.975 -> 58.81, 31.97, 29.00, 29.25, 38.13, 43.56, 
08:34:40.825 -> 58.77, 32.01, 29.00, 29.31, 38.19, 43.81, 
08:34:43.694 -> 58.72, 32.11, 29.00, 29.37, 38.25, 44.00, 
08:34:46.509 -> 58.68, 32.20, 29.00, 29.44, 38.31, 44.19, 
08:34:49.372 -> 58.66, 32.24, 29.00, 29.50, 38.38, 44.38, 
08:34:52.243 -> 58.60, 32.35, 29.00, 29.56, 38.44, 44.56, 
08:34:55.080 -> 58.56, 32.41, 29.00, 29.69, 38.50, 44.75, 
08:34:57.899 -> 58.53, 32.49, 29.00, 29.81, 38.69, 44.94, 
08:35:00.760 -> 58.48, 32.59, 29.00, 29.94, 38.81, 45.13, 
08:35:03.608 -> 58.41, 32.65, 29.00, 30.00, 38.94, 45.31, 
08:35:06.461 -> 58.33, 32.77, 29.00, 30.12, 39.06, 45.50, 
08:35:09.282 -> 58.25, 32.89, 29.00, 30.31, 39.25, 45.75, 
08:35:12.141 -> 58.18, 32.95, 29.00, 30.44, 39.44, 45.94, 
08:35:14.993 -> 58.13, 33.09, 29.00, 30.56, 39.56, 46.06, 
08:35:17.843 -> 58.05, 33.19, 29.50, 30.69, 39.81, 46.25, 
08:35:20.676 -> 57.99, 33.26, 29.50, 30.81, 39.94, 46.44, 
08:35:23.533 -> 57.86, 33.40, 29.50, 30.94, 40.13, 46.63, 
08:35:26.395 -> 57.78, 33.50, 29.50, 31.06, 40.38, 46.81, 
08:35:29.227 -> 57.68, 33.55, 29.50, 31.12, 40.56, 47.00, 
08:35:32.053 -> 57.57, 33.68, 29.50, 31.25, 40.81, 47.19, 
08:35:34.916 -> 57.41, 33.80, 29.50, 31.31, 41.00, 47.31, 
08:35:37.769 -> 57.31, 33.85, 29.50, 31.37, 41.25, 47.50, 
08:35:40.581 -> 57.17, 33.97, 29.50, 31.44, 41.38, 47.63, 
08:35:43.435 -> 57.05, 34.09, 30.00, 31.44, 41.63, 47.81, 
08:35:46.300 -> 56.94, 34.17, 30.00, 31.50, 41.75, 48.06, 
08:35:49.158 -> 56.81, 34.25, 30.00, 31.56, 41.94, 48.19, 
08:35:51.770 -> 56.67, 34.38, 30.00, 31.56, 42.13, 48.38, 
08:35:54.586 -> 56.57, 34.44, 30.00, 31.56, 42.25, 48.50, 
08:35:57.437 -> 56.42, 34.56, 30.00, 31.56, 42.44, 48.69, 
08:36:00.311 -> 56.33, 34.69, 30.50, 31.56, 42.56, 48.88, 
08:36:03.144 -> 56.29, 34.83, 30.50, 31.62, 42.81, 49.13, 
08:36:06.007 -> 56.22, 35.05, 30.50, 31.62, 43.00, 49.31, 
08:36:08.820 -> 56.14, 35.29, 30.50, 31.62, 43.13, 49.50, 
08:36:11.700 -> 56.00, 35.51, 30.50, 31.62, 43.25, 49.75, 
08:36:14.516 -> 55.79, 35.72, 30.50, 31.62, 43.44, 50.00, 
08:36:17.376 -> 54.80, 35.99, 31.00, 31.69, 43.63, 50.19, 
08:36:20.201 -> 54.00, 36.38, 31.00, 31.69, 43.81, 50.44, 
08:36:23.052 -> 53.00, 36.67, 31.50, 31.75, 44.06, 50.69, 
08:36:25.905 -> 52.24, 37.13, 31.50, 31.81, 44.44, 50.88, 
08:36:28.767 -> 51.54, 37.58, 32.00, 31.94, 44.75, 51.13, 
08:36:31.582 -> 50.97, 37.78, 32.50, 32.13, 45.13, 51.38, 
08:36:34.445 -> 50.50, 37.92, 33.00, 32.38, 45.50, 51.56, 
08:36:37.299 -> 50.01, 38.11, 33.00, 32.63, 45.88, 51.88, 
08:36:40.106 -> 100.00, -3.86, 33.50, 33.00, 46.31, 52.13, 
08:36:42.994 -> 100.00, 14.67, 34.00, 33.44, 46.69, 52.44, 
08:36:45.814 -> 100.00, -13.77, 34.00, 33.94, 47.06, 52.69, 
08:36:48.683 -> 100.00, -5.48, 34.50, 34.44, 47.44, 52.94, 
08:36:51.497 -> 100.00, 25.22, 34.50, 35.00, 47.81, 53.25, 
08:36:54.074 -> 100.00, -12.39, 35.00, 35.44, 48.19, 53.50, 
08:36:56.932 -> 100.00, -12.19, 35.50, 35.75, 48.56, 53.69, 
08:36:59.755 -> 100.00, 10.38, 35.50, 35.94, 48.94, 53.94, 
08:37:02.606 -> 100.00, 19.37, 36.00, 36.06, 49.25, 54.13, 
08:37:05.441 -> 100.00, -8.67, 36.50, 36.19, 49.56, 54.31, 
08:37:08.302 -> 100.00, -9.70, 36.50, 36.25, 49.81, 54.44, 
08:37:11.132 -> 100.00, 19.98, 37.00, 36.25, 50.06, 54.56, 
08:37:13.980 -> 99.96, 9.48, 37.00, 36.25, 50.25, 54.69, 
08:37:16.856 -> 100.00, -9.42, 37.00, 36.25, 50.38, 54.88, 
08:37:19.671 -> 95.56, -4.43, 37.00, 36.25, 50.50, 55.00, 
08:37:22.532 -> 100.00, 34.90, 37.00, 36.25, 50.50, 55.13, 
08:37:25.391 -> 94.32, -4.20, 37.00, 36.25, 50.44, 55.25, 
08:37:28.201 -> 100.00, -4.69, 37.00, 36.25, 50.38, 55.31, 
08:37:31.063 -> 95.01, 1.11, 37.00, 36.25, 50.19, 55.38, 
08:37:33.925 -> 100.00, 34.59, 37.00, 36.25, 50.00, 55.44, 
08:37:36.731 -> 97.21, -4.34, 37.00, 36.25, 49.75, 55.50, 
08:37:39.595 -> 100.00, -7.19, 37.00, 36.25, 49.44, 55.50, 
08:37:42.438 -> 92.23, 6.45, 37.00, 36.25, 49.19, 55.56, 
08:37:45.253 -> 100.00, 28.90, 37.00, 36.25, 48.94, 55.56, 
08:37:48.107 -> 100.00, -5.36, 36.50, 36.25, 48.69, 55.56, 
08:37:50.968 -> 100.00, -6.38, 36.50, 36.19, 48.50, 55.50, 
08:37:53.825 -> 100.00, 25.99, 36.50, 36.25, 48.31, 55.50, 
08:37:56.633 -> 96.92, 7.85, 36.50, 36.25, 48.13, 55.44, 
08:37:59.495 -> 100.00, -6.11, 36.50, 36.25, 47.94, 55.38, 
